TITLE SAMPLE NAME:,Polyvinyl Chloride (pipe pieces)
DATA TYPE:,Infrared Spectrum
MEASUREMENT INFORMATION:,Spectrophotometer
MODEL NAME:,FT/IR ATR-4X JASSCO Type A
SERIAL No:,A009662111
ACCESSORY:,ATR PRO 4x
LIGHT SOURCE:,DLATGS Standard
RESOLUTION:,4 cm-1
XUNITS/ HORIZONTAL AXIS:,Wavenumber [cm-1]
YUNITS/ VERTICAL AXIS:,Transmittance %T
FIRSTX:,399
FIRSTY:,0
LASTX:,4000
LASTY:,120
NPOINTS:,3751
399.1927,86.033
400.1569,87.0736
401.1211,87.8653
402.0854,88.4662
403.0496,88.9487
404.0138,89.3165
404.9781,89.511
405.9423,89.4873
406.9065,89.3052
407.8708,89.153
408.8350,89.2633
409.7992,89.7649
410.7635,90.5484
411.7277,91.2452
412.6919,91.3998
413.6562,90.7544
414.6204,89.4102
415.5846,87.7753
416.5489,86.4244
417.5131,85.9305
418.4773,86.5586
419.4416,87.9161
420.4058,89.1276
421.3700,89.5808
422.3343,89.2961
423.2985,88.6553
424.2627,88.0521
425.2270,87.7264
426.1912,87.7318
427.1554,87.9812
428.1197,88.3351
429.0839,88.6764
430.0481,88.9391
431.0124,89.1028
431.9766,89.1842
432.9408,89.2346
433.9051,89.3234
434.8693,89.4981
435.8335,89.7377
436.7978,89.9453
437.7620,90.006
438.7262,89.8745
439.6905,89.6238
440.6547,89.4168
441.6189,89.4205
442.5832,89.7058
443.5474,90.1888
444.5116,90.6645
445.4759,90.929
446.4401,90.901
447.4043,90.654
448.3686,90.3581
449.3328,90.1879
450.2970,90.2436
451.2613,90.5075
452.2255,90.851
453.1897,91.094
454.1540,91.0886
455.1182,90.7904
456.0824,90.288
457.0467,89.7766
458.0109,89.4697
458.9751,89.4833
459.9394,89.7808
460.9036,90.2209
461.8678,90.6494
462.8321,90.9563
463.7963,91.0881
464.7605,91.0411
465.7248,90.8515
466.6890,90.5798
467.6532,90.2902
468.6175,90.0339
469.5817,89.8472
470.5459,89.7573
471.5102,89.782
472.4744,89.9204
473.4386,90.1417
474.4029,90.3948
475.3671,90.6348
476.3313,90.8452
477.2956,91.0356
478.2598,91.2179
479.2240,91.3805
480.1883,91.4823
481.1525,91.4768
482.1167,91.3541
483.0810,91.1669
484.0452,91.0133
485.0094,90.9777
485.9737,91.074
486.9379,91.236
487.9021,91.3619
488.8664,91.377
489.8306,91.2738
490.7948,91.1128
491.7591,90.9873
492.7233,90.9747
493.6875,91.1005
494.6518,91.3327
495.6160,91.6008
496.5802,91.8246
497.5445,91.9398
498.5087,91.9172
499.4729,91.7746
500.4372,91.577
501.4014,91.4169
502.3656,91.3744
503.3299,91.4739
504.2941,91.6699
505.2583,91.8699
506.2226,91.9822
507.1868,91.9596
508.1510,91.8195
509.1153,91.6288
510.0795,91.4635
511.0437,91.3677
512.0080,91.3371
512.9722,91.3312
513.9365,91.3013
514.9007,91.2182
515.8649,91.0876
516.8292,90.9475
517.7934,90.8498
518.7576,90.8318
519.7219,90.897
520.6861,91.0145
521.6503,91.1367
522.6146,91.2181
523.5788,91.2309
524.5430,91.1739
525.5073,91.0745
526.4715,90.9775
527.4357,90.9214
528.4000,90.918
529.3642,90.9504
530.3284,90.9877
531.2927,91.0038
532.2569,90.9882
533.2211,90.9463
534.1854,90.8898
535.1496,90.8274
536.1138,90.7618
537.0781,90.695
538.0423,90.6337
539.0065,90.5887
539.9708,90.5672
540.9350,90.5643
541.8992,90.562
542.8635,90.5389
543.8277,90.4838
544.7919,90.4054
545.7562,90.3309
546.7204,90.2926
547.6846,90.3109
548.6489,90.3839
549.6131,90.4891
550.5773,90.5956
551.5416,90.6779
552.5058,90.7264
553.4700,90.747
554.4343,90.7549
555.3985,90.7634
556.3627,90.7775
557.3270,90.7936
558.2912,90.8061
559.2554,90.8144
560.2197,90.8224
561.1839,90.8317
562.1481,90.831
563.1124,90.7954
564.0766,90.6983
565.0408,90.531
566.0051,90.3166
566.9693,90.1051
567.9335,89.9493
568.8978,89.8741
569.8620,89.8615
570.8262,89.8611
571.7905,89.8216
572.7547,89.7176
573.7189,89.5575
574.6832,89.3702
575.6474,89.1846
576.6116,89.015
577.5759,88.8626
578.5401,88.7258
579.5043,88.6075
580.4686,88.5123
581.4328,88.4375
582.3970,88.3677
583.3613,88.2795
584.3255,88.1546
585.2897,87.9887
586.2540,87.7909
587.2182,87.5755
588.1824,87.3542
589.1467,87.1351
590.1109,86.925
591.0751,86.7294
592.0394,86.5456
593.0036,86.3562
593.9678,86.1313
594.9321,85.8428
595.8963,85.4799
596.8605,85.0562
597.8248,84.6001
598.7890,84.1373
599.7532,83.6765
600.7175,83.2096
601.6817,82.7266
602.6459,82.233
603.6102,81.7545
604.5744,81.3276
605.5386,80.9814
606.5029,80.7255
607.4671,80.5496
608.4313,80.4328
609.3956,80.3544
610.3598,80.2994
611.3240,80.2593
612.2883,80.2311
613.2525,80.2195
614.2167,80.239
615.1810,80.3129
616.1452,80.4648
617.1094,80.7052
618.0737,81.0209
619.0379,81.3778
620.0021,81.736
620.9664,82.0648
621.9306,82.3492
622.8948,82.5869
623.8591,82.7836
624.8233,82.9496
625.7875,83.0994
626.7518,83.2481
627.7160,83.4047
628.6802,83.5639
629.6445,83.7049
630.6087,83.8001
631.5729,83.8312
632.5372,83.8041
633.5014,83.7511
634.4656,83.7173
635.4299,83.7387
636.3941,83.8269
637.3583,83.9689
638.3226,84.1405
639.2868,84.3215
640.2510,84.5017
641.2153,84.677
642.1795,84.8415
643.1437,84.9855
644.1080,85.1017
645.0722,85.1938
646.0364,85.2795
647.0007,85.3845
647.9649,85.5312
648.9291,85.7285
649.8934,85.9695
650.8576,86.2386
651.8218,86.5214
652.7861,86.8098
653.7503,87.0994
654.7145,87.3845
655.6788,87.6558
656.6430,87.9049
657.6072,88.1317
658.5715,88.3469
659.5357,88.5655
660.4999,88.7913
661.4642,89.0036
662.4284,89.1569
663.3926,89.1918
664.3569,89.0404
665.3211,88.6272
666.2853,87.897
667.2496,86.9263
668.2138,86.0643
669.1780,85.7417
670.1423,85.9838
671.1065,86.459
672.0707,86.881
673.0350,87.1294
673.9992,87.1922
674.9634,87.1141
675.9277,86.969
676.8919,86.8278
677.8561,86.7283
678.8204,86.6709
679.7846,86.6375
680.7488,86.6125
681.7131,86.5904
682.6773,86.5726
683.6415,86.5619
684.6058,86.5602
685.5700,86.5689
686.5342,86.5897
687.4985,86.6241
688.4627,86.6722
689.4269,86.7338
690.3912,86.8093
691.3554,86.8996
692.3196,87.0055
693.2839,87.1262
694.2481,87.2593
695.2123,87.4015
696.1766,87.5504
697.1408,87.7051
698.1050,87.8662
699.0693,88.0345
700.0335,88.2101
700.9977,88.3922
701.9620,88.5795
702.9262,88.77
703.8904,88.9587
704.8547,89.1303
705.8189,89.2547
706.7831,89.2879
707.7474,89.1891
708.7116,88.9493
709.6758,88.6172
710.6401,88.3042
711.6043,88.1544
712.5685,88.2867
713.5328,88.7353
714.4970,89.4268
715.4612,90.212
716.4255,90.9345
717.3897,91.496
718.3539,91.8857
719.3182,92.1638
720.2824,92.4122
721.2466,92.6834
722.2109,92.9783
723.1751,93.2626
724.1393,93.5
725.1036,93.676
726.0678,93.8007
727.0320,93.897
727.9963,93.988
728.9605,94.0881
729.9247,94.2029
730.8890,94.3326
731.8532,94.4743
732.8174,94.6233
733.7817,94.7726
734.7459,94.9145
735.7101,95.0422
736.6744,95.1507
737.6386,95.2373
738.6028,95.3009
739.5671,95.3423
740.5313,95.3658
741.4955,95.3793
742.4598,95.3941
743.4240,95.4214
744.3882,95.4682
745.3525,95.5342
746.3167,95.6117
747.2809,95.6883
748.2452,95.7521
749.2094,95.7967
750.1736,95.823
751.1379,95.8378
752.1021,95.8499
753.0663,95.8656
754.0306,95.8871
754.9948,95.9131
755.9590,95.9416
756.9233,95.9707
757.8875,95.9995
758.8517,96.0275
759.8160,96.0541
760.7802,96.0799
761.7444,96.1069
762.7087,96.1373
763.6729,96.1722
764.6371,96.2094
765.6014,96.2441
766.5656,96.2709
767.5298,96.2875
768.4941,96.2949
769.4583,96.2966
770.4225,96.2965
771.3868,96.297
772.3510,96.2993
773.3152,96.3047
774.2795,96.3146
775.2437,96.3292
776.2079,96.3463
777.1722,96.3611
778.1364,96.3691
779.1006,96.3696
780.0649,96.3669
781.0291,96.3684
781.9933,96.3803
782.9576,96.4036
783.9218,96.4338
784.8860,96.4642
785.8503,96.4898
786.8145,96.5099
787.7787,96.5274
788.7430,96.5448
789.7072,96.5626
790.6714,96.5783
791.6357,96.5887
792.5999,96.5927
793.5641,96.5914
794.5284,96.5878
795.4926,96.5851
796.4568,96.5852
797.4211,96.5893
798.3853,96.5979
799.3495,96.6112
800.3138,96.6281
801.2780,96.6466
802.2422,96.664
803.2065,96.6782
804.1707,96.6886
805.1349,96.697
806.0992,96.7059
807.0634,96.7173
808.0276,96.7312
808.9919,96.7452
809.9561,96.7555
810.9203,96.7587
811.8846,96.7526
812.8488,96.7367
813.8130,96.7116
814.7773,96.6773
815.7415,96.6329
816.7057,96.5765
817.6700,96.5067
818.6342,96.4232
819.5984,96.3275
820.5627,96.2221
821.5269,96.1091
822.4911,95.989
823.4554,95.8605
824.4196,95.7223
825.3839,95.5744
826.3481,95.42
827.3123,95.2656
828.2766,95.1196
829.2408,94.9892
830.2050,94.8786
831.1693,94.7882
832.1335,94.7157
833.0977,94.6586
834.0620,94.6154
835.0262,94.5853
835.9904,94.5674
836.9547,94.5592
837.9189,94.5579
838.8831,94.56
839.8474,94.5615
840.8116,94.5548
841.7758,94.5266
842.7401,94.4609
843.7043,94.3463
844.6685,94.1867
845.6328,94.0071
846.5970,93.847
847.5612,93.7444
848.5255,93.7164
849.4897,93.7496
850.4539,93.8052
851.4182,93.8377
852.3824,93.8144
853.3466,93.7253
854.3109,93.5801
855.2751,93.3955
856.2393,93.183
857.2036,92.944
858.1678,92.6725
859.1320,92.3607
860.0963,92.0036
861.0605,91.5996
862.0247,91.1485
862.9890,90.6466
863.9532,90.0823
864.9174,89.4325
865.8817,88.664
866.8459,87.7433
867.8101,86.6538
868.7744,85.4171
869.7386,84.1051
870.7028,82.8368
871.6671,81.7578
872.6313,81.0078
873.5955,80.6907
874.5598,80.8529
875.5240,81.4768
876.4882,82.4855
877.4525,83.7584
878.4167,85.1555
879.3809,86.5473
880.3452,87.8448
881.3094,89.015
882.2736,90.0765
883.2379,91.0717
884.2021,92.0318
885.1663,92.951
886.1306,93.786
887.0948,94.4779
888.0590,94.9827
889.0233,95.2931
889.9875,95.4391
890.9517,95.472
891.9160,95.4428
892.8802,95.3875
893.8444,95.3242
894.8087,95.2579
895.7729,95.1882
896.7371,95.1142
897.7014,95.0354
898.6656,94.9518
899.6298,94.8638
900.5941,94.7718
901.5583,94.6762
902.5225,94.5768
903.4868,94.4727
904.4510,94.363
905.4152,94.2472
906.3795,94.1262
907.3437,94.0022
908.3079,93.8776
909.2722,93.7542
910.2364,93.633
911.2007,93.5146
912.1649,93.4001
913.1292,93.2916
914.0934,93.1917
915.0576,93.1031
916.0219,93.0272
916.9861,92.9631
917.9503,92.9079
918.9146,92.8571
919.8788,92.8066
920.8430,92.7539
921.8073,92.6992
922.7715,92.6448
923.7357,92.5935
924.7000,92.5474
925.6642,92.5066
926.6284,92.4698
927.5927,92.4347
928.5569,92.399
929.5211,92.3601
930.4854,92.316
931.4496,92.265
932.4138,92.2071
933.3781,92.1438
934.3423,92.0782
935.3065,92.0136
936.2708,91.9519
937.2350,91.8924
938.1992,91.8331
939.1635,91.7713
940.1277,91.7064
941.0919,91.6398
942.0562,91.5737
943.0204,91.5094
943.9846,91.4456
944.9489,91.3786
945.9131,91.3048
946.8773,91.2223
947.8416,91.1317
948.8058,91.0354
949.7700,90.9352
950.7343,90.8317
951.6985,90.7239
952.6627,90.6107
953.6270,90.4929
954.5912,90.3731
955.5554,90.2555
956.5197,90.144
957.4839,90.0411
958.4481,89.9475
959.4124,89.8629
960.3766,89.7868
961.3408,89.7197
962.3051,89.6635
963.2693,89.6207
964.2335,89.5943
965.1978,89.5867
966.1620,89.5993
967.1262,89.6325
968.0905,89.6859
969.0547,89.7589
970.0189,89.8509
970.9832,89.9613
971.9474,90.0887
972.9116,90.2312
973.8759,90.3857
974.8401,90.5487
975.8043,90.7164
976.7686,90.8854
977.7328,91.0525
978.6970,91.2145
979.6613,91.3677
980.6255,91.5084
981.5897,91.6332
982.5540,91.7398
983.5182,91.8275
984.4824,91.8968
985.4467,91.9484
986.4109,91.9824
987.3751,91.9979
988.3394,91.9934
989.3036,91.9679
990.2678,91.922
991.2321,91.8582
992.1963,91.7801
993.1605,91.6917
994.1248,91.5965
995.0890,91.4972
996.0532,91.3968
997.0175,91.2984
997.9817,91.2057
998.9459,91.1213
999.9102,91.046
1000.8744,90.9781
1001.8386,90.9146
1002.8029,90.852
1003.7671,90.7877
1004.7313,90.7207
1005.6956,90.6508
1006.6598,90.5783
1007.6240,90.5038
1008.5883,90.4282
1009.5525,90.3525
1010.5167,90.2772
1011.4810,90.2016
1012.4452,90.1233
1013.4094,90.0397
1014.3737,89.9497
1015.3379,89.8554
1016.3021,89.7619
1017.2664,89.6762
1018.2306,89.6038
1019.1948,89.5469
1020.1591,89.5034
1021.1233,89.4683
1022.0875,89.4352
1023.0518,89.3988
1024.0160,89.3557
1024.9802,89.3055
1025.9445,89.2495
1026.9087,89.1904
1027.8729,89.1312
1028.8372,89.0734
1029.8014,89.0173
1030.7656,88.962
1031.7299,88.9067
1032.6941,88.8517
1033.6583,88.7992
1034.6226,88.7531
1035.5868,88.7169
1036.5510,88.6931
1037.5153,88.6816
1038.4795,88.6806
1039.4437,88.6871
1040.4080,88.6979
1041.3722,88.7099
1042.3364,88.7194
1043.3007,88.7229
1044.2649,88.7184
1045.2291,88.7077
1046.1934,88.6988
1047.1576,88.704
1048.1218,88.7364
1049.0861,88.803
1050.0503,88.901
1051.0145,89.0178
1051.9788,89.136
1052.9430,89.2408
1053.9072,89.3254
1054.8715,89.3914
1055.8357,89.4456
1056.7999,89.4946
1057.7642,89.5409
1058.7284,89.5835
1059.6926,89.6194
1060.6569,89.6467
1061.6211,89.6656
1062.5853,89.6781
1063.5496,89.6862
1064.5138,89.6916
1065.4780,89.6948
1066.4423,89.6954
1067.4065,89.693
1068.3707,89.687
1069.3350,89.6775
1070.2992,89.665
1071.2634,89.6502
1072.2277,89.6337
1073.1919,89.6154
1074.1561,89.5951
1075.1204,89.5722
1076.0846,89.5462
1077.0488,89.5167
1078.0131,89.4828
1078.9773,89.4428
1079.9415,89.3945
1080.9058,89.3368
1081.8700,89.2705
1082.8342,89.1982
1083.7985,89.1229
1084.7627,89.0466
1085.7269,88.9681
1086.6912,88.8848
1087.6554,88.7949
1088.6196,88.7003
1089.5839,88.6085
1090.5481,88.5304
1091.5123,88.4771
1092.4766,88.4553
1093.4408,88.4648
1094.4050,88.4998
1095.3693,88.5513
1096.3335,88.6118
1097.2977,88.6774
1098.2620,88.7482
1099.2262,88.8268
1100.1904,88.9163
1101.1547,89.0191
1102.1189,89.1363
1103.0831,89.2681
1104.0474,89.4134
1105.0116,89.569
1105.9758,89.7299
1106.9401,89.8895
1107.9043,90.0411
1108.8685,90.1794
1109.8328,90.3008
1110.7970,90.4032
1111.7612,90.4856
1112.7255,90.5474
1113.6897,90.5902
1114.6539,90.6184
1115.6182,90.6401
1116.5824,90.6658
1117.5466,90.7054
1118.5109,90.765
1119.4751,90.8457
1120.4393,90.9432
1121.4036,91.0508
1122.3678,91.1624
1123.3320,91.2753
1124.2963,91.3913
1125.2605,91.5157
1126.2247,91.6545
1127.1890,91.8116
1128.1532,91.9859
1129.1174,92.1711
1130.0817,92.3567
1131.0459,92.5309
1132.0101,92.6832
1132.9744,92.8071
1133.9386,92.9005
1134.9028,92.9653
1135.8671,93.0063
1136.8313,93.0292
1137.7955,93.0395
1138.7598,93.0412
1139.7240,93.0369
1140.6882,93.0282
1141.6525,93.0164
1142.6167,93.0027
1143.5809,92.9879
1144.5452,92.9724
1145.5094,92.9559
1146.4736,92.938
1147.4379,92.9189
1148.4021,92.8984
1149.3663,92.8761
1150.3306,92.8498
1151.2948,92.8165
1152.2590,92.7738
1153.2233,92.7212
1154.1875,92.6609
1155.1517,92.5966
1156.1160,92.5311
1157.0802,92.4648
1158.0444,92.3958
1159.0087,92.3215
1159.9729,92.2421
1160.9371,92.1611
1161.9014,92.0847
1162.8656,92.0196
1163.8298,91.9706
1164.7941,91.939
1165.7583,91.9231
1166.7225,91.9194
1167.6868,91.9238
1168.6510,91.9325
1169.6152,91.9428
1170.5795,91.9529
1171.5437,91.962
1172.5079,91.9698
1173.4722,91.977
1174.4364,91.9848
1175.4006,91.9957
1176.3649,92.0122
1177.3291,92.036
1178.2933,92.0652
1179.2576,92.0935
1180.2218,92.1111
1181.1860,92.1076
1182.1503,92.0762
1183.1145,92.0171
1184.0787,91.9362
1185.0430,91.8428
1186.0072,91.7453
1186.9714,91.6492
1187.9357,91.5565
1188.8999,91.4676
1189.8641,91.383
1190.8284,91.304
1191.7926,91.2326
1192.7568,91.1705
1193.7211,91.1188
1194.6853,91.0781
1195.6495,91.0499
1196.6138,91.0359
1197.5780,91.038
1198.5422,91.0569
1199.5065,91.0912
1200.4707,91.1377
1201.4349,91.1925
1202.3992,91.252
1203.3634,91.3142
1204.3276,91.3779
1205.2919,91.4416
1206.2561,91.5027
1207.2203,91.5574
1208.1846,91.602
1209.1488,91.6343
1210.1130,91.6542
1211.0773,91.6632
1212.0415,91.6629
1213.0057,91.6529
1213.9700,91.6307
1214.9342,91.5924
1215.8984,91.5344
1216.8627,91.4539
1217.8269,91.3493
1218.7911,91.2183
1219.7554,91.057
1220.7196,90.8604
1221.6838,90.6245
1222.6481,90.3496
1223.6123,90.0419
1224.5765,89.7139
1225.5408,89.3816
1226.5050,89.0605
1227.4692,88.7621
1228.4335,88.4922
1229.3977,88.251
1230.3619,88.035
1231.3262,87.8392
1232.2904,87.6585
1233.2546,87.49
1234.2189,87.3331
1235.1831,87.1895
1236.1473,87.0623
1237.1116,86.9543
1238.0758,86.8663
1239.0400,86.7975
1240.0043,86.7457
1240.9685,86.7089
1241.9327,86.686
1242.8970,86.6767
1243.8612,86.6805
1244.8254,86.6958
1245.7897,86.7196
1246.7539,86.7482
1247.7181,86.778
1248.6824,86.8067
1249.6466,86.8342
1250.6108,86.8632
1251.5751,86.8988
1252.5393,86.9466
1253.5035,87.0107
1254.4678,87.0912
1255.4320,87.1853
1256.3962,87.2887
1257.3605,87.3996
1258.3247,87.5203
1259.2889,87.6566
1260.2532,87.8145
1261.2174,87.9972
1262.1816,88.203
1263.1459,88.426
1264.1101,88.6584
1265.0743,88.893
1266.0386,89.1249
1267.0028,89.3522
1267.9670,89.5753
1268.9313,89.7963
1269.8955,90.0165
1270.8597,90.2357
1271.8240,90.4512
1272.7882,90.6596
1273.7524,90.8589
1274.7167,91.0493
1275.6809,91.2335
1276.6451,91.414
1277.6094,91.5917
1278.5736,91.7637
1279.5378,91.9243
1280.5021,92.066
1281.4663,92.1814
1282.4305,92.2647
1283.3948,92.3134
1284.3590,92.3284
1285.3232,92.3154
1286.2875,92.2839
1287.2517,92.2446
1288.2159,92.2057
1289.1802,92.1696
1290.1444,92.1317
1291.1086,92.0835
1292.0729,92.0167
1293.0371,91.9281
1294.0013,91.8214
1294.9656,91.7051
1295.9298,91.5888
1296.8940,91.4795
1297.8583,91.3797
1298.8225,91.2874
1299.7867,91.1985
1300.7510,91.1083
1301.7152,91.0128
1302.6794,90.9097
1303.6437,90.799
1304.6079,90.6821
1305.5721,90.56
1306.5364,90.4308
1307.5006,90.289
1308.4648,90.1278
1309.4291,89.9434
1310.3933,89.7394
1311.3575,89.5268
1312.3218,89.3187
1313.2860,89.1231
1314.2502,88.9389
1315.2145,88.7591
1316.1787,88.5791
1317.1429,88.4041
1318.1072,88.2489
1319.0714,88.1296
1320.0356,88.0527
1320.9999,88.0104
1321.9641,87.9853
1322.9283,87.9607
1323.8926,87.9294
1324.8568,87.8945
1325.8210,87.8649
1326.7853,87.8488
1327.7495,87.8497
1328.7137,87.8674
1329.6780,87.9005
1330.6422,87.9462
1331.6064,87.9974
1332.5707,88.039
1333.5349,88.049
1334.4991,88.0074
1335.4634,87.91
1336.4276,87.7812
1337.3918,87.6774
1338.3561,87.6703
1339.3203,87.8107
1340.2845,88.0931
1341.2488,88.4536
1342.2130,88.8049
1343.1772,89.077
1344.1415,89.2361
1345.1057,89.284
1346.0699,89.2457
1347.0342,89.155
1347.9984,89.0413
1348.9626,88.921
1349.9269,88.7981
1350.8911,88.6694
1351.8553,88.5335
1352.8196,88.3954
1353.7838,88.266
1354.7480,88.1537
1355.7123,88.053
1356.6765,87.9408
1357.6407,87.7834
1358.6050,87.5552
1359.5692,87.2585
1360.5334,86.9361
1361.4977,86.6628
1362.4619,86.5072
1363.4261,86.4846
1364.3904,86.5462
1365.3546,86.6151
1366.3188,86.6304
1367.2831,86.5659
1368.2473,86.4236
1369.2115,86.2174
1370.1758,85.9602
1371.1400,85.6625
1372.1042,85.3422
1373.0685,85.0332
1374.0327,84.7788
1374.9969,84.6092
1375.9612,84.5207
1376.9254,84.4819
1377.8896,84.4571
1378.8539,84.4249
1379.8181,84.3759
1380.7823,84.3008
1381.7466,84.1822
1382.7108,83.9991
1383.6750,83.7425
1384.6393,83.429
1385.6035,83.1049
1386.5677,82.8295
1387.5320,82.6375
1388.4962,82.5084
1389.4604,82.3788
1390.4247,82.1827
1391.3889,81.8832
1392.3531,81.4819
1393.3174,81.0179
1394.2816,80.5589
1395.2458,80.1773
1396.2101,79.9188
1397.1743,79.7824
1398.1385,79.7262
1399.1028,79.6895
1400.0670,79.6157
1401.0313,79.4696
1401.9955,79.2443
1402.9597,78.9596
1403.9240,78.6519
1404.8882,78.3568
1405.8524,78.0908
1406.8167,77.8437
1407.7809,77.5928
1408.7451,77.3228
1409.7094,77.0351
1410.6736,76.7396
1411.6378,76.4375
1412.6021,76.1134
1413.5663,75.7459
1414.5305,75.3306
1415.4948,74.9025
1416.4590,74.5426
1417.4232,74.3556
1418.3875,74.4022
1419.3517,74.6288
1420.3159,74.8984
1421.2802,75.1053
1422.2444,75.2365
1423.2086,75.341
1424.1729,75.473
1425.1371,75.6572
1426.1013,75.8884
1427.0656,76.1519
1428.0298,76.4384
1428.9940,76.7374
1429.9583,77.0208
1430.9225,77.2434
1431.8867,77.372
1432.8510,77.4182
1433.8152,77.45
1434.7794,77.5788
1435.7437,77.9104
1436.7079,78.4614
1437.6721,79.1192
1438.6364,79.7281
1439.6006,80.203
1440.5648,80.5444
1441.5291,80.789
1442.4933,80.9695
1443.4575,81.1048
1444.4218,81.209
1445.3860,81.3038
1446.3502,81.4191
1447.3145,81.5782
1448.2787,81.7751
1449.2429,81.9671
1450.2072,82.0934
1451.1714,82.1058
1452.1356,81.9831
1453.0999,81.7314
1454.0641,81.3899
1455.0283,81.0616
1455.9926,80.9417
1456.9568,81.2281
1457.9210,81.8846
1458.8853,82.6238
1459.8495,83.2038
1460.8137,83.5664
1461.7780,83.7641
1462.7422,83.8877
1463.7064,84.0343
1464.6707,84.271
1465.6349,84.5902
1466.5991,84.9129
1467.5634,85.1536
1468.5276,85.2687
1469.4918,85.2616
1470.4561,85.1793
1471.4203,85.1186
1472.3845,85.2106
1473.3488,85.5448
1474.3130,86.0894
1475.2772,86.7249
1476.2415,87.3409
1477.2057,87.8807
1478.1699,88.3305
1479.1342,88.7007
1480.0984,89.013
1481.0626,89.2892
1482.0269,89.5369
1482.9911,89.7403
1483.9553,89.8643
1484.9196,89.873
1485.8838,89.7573
1486.8480,89.5654
1487.8123,89.4229
1488.7765,89.4948
1489.7407,89.8612
1490.7050,90.429
1491.6692,91.0113
1492.6334,91.4642
1493.5977,91.7319
1494.5619,91.8271
1495.5261,91.8124
1496.4904,91.7913
1497.4546,91.8739
1498.4188,92.1074
1499.3831,92.4415
1500.3473,92.7777
1501.3115,93.0296
1502.2758,93.1329
1503.2400,93.0254
1504.2042,92.6385
1505.1685,91.9495
1506.1327,91.1345
1507.0969,90.6417
1508.0612,90.8044
1509.0254,91.4613
1509.9896,92.2453
1510.9539,92.9167
1511.9181,93.3788
1512.8823,93.6106
1513.8466,93.6345
1514.8108,93.5098
1515.7750,93.3194
1516.7393,93.1367
1517.7035,92.9979
1518.6677,92.9059
1519.6320,92.8579
1520.5962,92.8655
1521.5604,92.9456
1522.5247,93.0982
1523.4889,93.3036
1524.4531,93.5411
1525.4174,93.8005
1526.3816,94.0709
1527.3458,94.3243
1528.3101,94.5147
1529.2743,94.5953
1530.2385,94.5399
1531.2028,94.3583
1532.1670,94.1052
1533.1312,93.8663
1534.0955,93.7046
1535.0597,93.6102
1536.0239,93.51
1536.9882,93.3166
1537.9524,92.9678
1538.9166,92.4716
1539.8809,91.9843
1540.8451,91.7953
1541.8093,92.0587
1542.7736,92.6325
1543.7378,93.2974
1544.7020,93.9229
1545.6663,94.4474
1546.6305,94.8374
1547.5947,95.0816
1548.5590,95.198
1549.5232,95.2311
1550.4874,95.2345
1551.4517,95.2431
1552.4159,95.2532
1553.3801,95.2236
1554.3444,95.0964
1555.3086,94.8202
1556.2728,94.3807
1557.2371,93.8722
1558.2013,93.5719
1559.1655,93.7556
1560.1298,94.3252
1561.0940,94.9504
1562.0582,95.4307
1563.0225,95.7198
1563.9867,95.8274
1564.9509,95.7731
1565.9152,95.5827
1566.8794,95.3003
1567.8436,94.9968
1568.8079,94.7537
1569.7721,94.6168
1570.7363,94.5627
1571.7006,94.5214
1572.6648,94.4272
1573.6290,94.2528
1574.5933,94.0301
1575.5575,93.8567
1576.5217,93.8495
1577.4860,94.0402
1578.4502,94.3436
1579.4144,94.6496
1580.3787,94.8987
1581.3429,95.0838
1582.3071,95.2236
1583.2714,95.3397
1584.2356,95.4432
1585.1998,95.5329
1586.1641,95.6031
1587.1283,95.6522
1588.0925,95.6846
1589.0568,95.7068
1590.0210,95.7222
1590.9852,95.73
1591.9495,95.7304
1592.9137,95.7295
1593.8779,95.7399
1594.8422,95.7733
1595.8064,95.8314
1596.7706,95.9021
1597.7349,95.9653
1598.6991,96.0044
1599.6633,96.0163
1600.6276,96.0119
1601.5918,96.0092
1602.5560,96.0203
1603.5203,96.0425
1604.4845,96.0614
1605.4487,96.0646
1606.4130,96.056
1607.3772,96.0587
1608.3414,96.1007
1609.3057,96.1904
1610.2699,96.2999
1611.2341,96.3773
1612.1984,96.3767
1613.1626,96.2821
1614.1268,96.1204
1615.0911,95.9649
1616.0553,95.9084
1617.0195,95.9907
1617.9838,96.1531
1618.9480,96.2953
1619.9122,96.3573
1620.8765,96.3403
1621.8407,96.2884
1622.8049,96.2603
1623.7692,96.2969
1624.7334,96.3991
1625.6976,96.5413
1626.6619,96.7011
1627.6261,96.8691
1628.5903,97.0324
1629.5546,97.1602
1630.5188,97.2099
1631.4830,97.1447
1632.4473,96.9507
1633.4115,96.655
1634.3757,96.3541
1635.3400,96.2095
1636.3042,96.335
1637.2684,96.6735
1638.2327,97.0657
1639.1969,97.3911
1640.1611,97.5976
1641.1254,97.667
1642.0896,97.5909
1643.0538,97.3705
1644.0181,97.0351
1644.9823,96.6717
1645.9465,96.4204
1646.9108,96.3791
1647.8750,96.495
1648.8392,96.613
1649.8035,96.601
1650.7677,96.4106
1651.7319,96.1143
1652.6962,95.9531
1653.6604,96.1936
1654.6246,96.779
1655.5889,97.402
1656.5531,97.8619
1657.5173,98.1176
1658.4816,98.1945
1659.4458,98.1419
1660.4100,98.0318
1661.3743,97.9536
1662.3385,97.9692
1663.3027,98.0633
1664.2670,98.1563
1665.2312,98.1691
1666.1954,98.0677
1667.1597,97.8742
1668.1239,97.663
1669.0881,97.5331
1670.0524,97.5444
1671.0166,97.6684
1671.9808,97.8265
1672.9451,97.9627
1673.9093,98.072
1674.8735,98.1773
1675.8378,98.2888
1676.8020,98.3788
1677.7662,98.3956
1678.7305,98.2971
1679.6947,98.0683
1680.6589,97.7248
1681.6232,97.3294
1682.5874,97.0162
1683.5516,96.957
1684.5159,97.2118
1685.4801,97.6469
1686.4443,98.0863
1687.4086,98.4524
1688.3728,98.7464
1689.3370,98.9838
1690.3013,99.1595
1691.2655,99.2455
1692.2297,99.2059
1693.1940,99.0182
1694.1582,98.6916
1695.1224,98.2785
1696.0867,97.8711
1697.0509,97.5748
1698.0151,97.4688
1698.9794,97.5712
1699.9436,97.8259
1700.9078,98.1296
1701.8721,98.3913
1702.8363,98.5738
1703.8005,98.6916
1704.7648,98.7852
1705.7290,98.8952
1706.6932,99.0386
1707.6575,99.1962
1708.6217,99.3221
1709.5859,99.3684
1710.5502,99.3014
1711.5144,99.1025
1712.4786,98.7674
1713.4429,98.313
1714.4071,97.7979
1715.3713,97.3456
1716.3356,97.1287
1717.2998,97.257
1718.2640,97.6543
1719.2283,98.1166
1720.1925,98.4828
1721.1567,98.7027
1722.1210,98.7986
1723.0852,98.8152
1724.0494,98.7874
1725.0137,98.7247
1725.9779,98.6113
1726.9421,98.4213
1727.9064,98.1381
1728.8706,97.7659
1729.8348,97.3325
1730.7991,96.8921
1731.7633,96.5305
1732.7275,96.352
1733.6918,96.4139
1734.6560,96.6541
1735.6202,96.9275
1736.5845,97.1185
1737.5487,97.1875
1738.5129,97.149
1739.4772,97.0438
1740.4414,96.9217
1741.4056,96.8267
1742.3699,96.7792
1743.3341,96.7707
1744.2983,96.7742
1745.2626,96.7623
1746.2268,96.7257
1747.1910,96.6921
1748.1553,96.7343
1749.1195,96.9433
1750.0837,97.3589
1751.0480,97.92
1752.0122,98.5008
1752.9764,98.9932
1753.9407,99.3525
1754.9049,99.5882
1755.8691,99.7363
1756.8334,99.8347
1757.7976,99.9112
1758.7618,99.9854
1759.7261,100.078
1760.6903,100.209
1761.6545,100.388
1762.6188,100.592
1763.5830,100.772
1764.5472,100.875
1765.5115,100.874
1766.4757,100.77
1767.4399,100.589
1768.4042,100.374
1769.3684,100.173
1770.3326,100.039
1771.2969,100.018
1772.2611,100.132
1773.2253,100.355
1774.1896,100.616
1775.1538,100.844
1776.1180,100.997
1777.0823,101.065
1778.0465,101.069
1779.0107,101.04
1779.9750,101.01
1780.9392,101.002
1781.9034,101.021
1782.8677,101.064
1783.8319,101.124
1784.7961,101.187
1785.7604,101.225
1786.7246,101.2
1787.6888,101.082
1788.6531,100.86
1789.6173,100.561
1790.5815,100.255
1791.5458,100.041
1792.5100,99.9908
1793.4742,100.091
1794.4385,100.259
1795.4027,100.408
1796.3669,100.49
1797.3312,100.501
1798.2954,100.469
1799.2596,100.444
1800.2239,100.476
1801.1881,100.599
1802.1523,100.805
1803.1166,101.052
1804.0808,101.282
1805.0450,101.447
1806.0093,101.52
1806.9735,101.506
1807.9377,101.436
1808.9020,101.358
1809.8662,101.325
1810.8304,101.362
1811.7947,101.462
1812.7589,101.59
1813.7231,101.706
1814.6874,101.786
1815.6516,101.828
1816.6158,101.848
1817.5801,101.858
1818.5443,101.862
1819.5085,101.843
1820.4728,101.783
1821.4370,101.676
1822.4012,101.538
1823.3655,101.402
1824.3297,101.299
1825.2939,101.235
1826.2582,101.193
1827.2224,101.157
1828.1866,101.13
1829.1509,101.146
1830.1151,101.234
1831.0793,101.389
1832.0436,101.566
1833.0078,101.71
1833.9720,101.795
1834.9363,101.829
1835.9005,101.842
1836.8647,101.859
1837.8290,101.88
1838.7932,101.874
1839.7574,101.801
1840.7217,101.64
1841.6859,101.406
1842.6501,101.158
1843.6144,100.984
1844.5786,100.952
1845.5428,101.064
1846.5071,101.266
1847.4713,101.491
1848.4355,101.694
1849.3998,101.86
1850.3640,101.987
1851.3282,102.077
1852.2925,102.133
1853.2567,102.159
1854.2209,102.161
1855.1852,102.143
1856.1494,102.113
1857.1136,102.077
1858.0779,102.045
1859.0421,102.027
1860.0063,102.03
1860.9706,102.047
1861.9348,102.055
1862.8990,102.021
1863.8633,101.91
1864.8275,101.708
1865.7917,101.44
1866.7560,101.172
1867.7202,101.004
1868.6844,101.015
1869.6487,101.208
1870.6129,101.508
1871.5771,101.815
1872.5414,102.058
1873.5056,102.211
1874.4698,102.283
1875.4341,102.301
1876.3983,102.293
1877.3625,102.277
1878.3268,102.259
1879.2910,102.236
1880.2552,102.209
1881.2195,102.183
1882.1837,102.167
1883.1479,102.159
1884.1122,102.151
1885.0764,102.124
1886.0406,102.068
1887.0049,101.987
1887.9691,101.906
1888.9333,101.857
1889.8976,101.856
1890.8618,101.895
1891.8260,101.947
1892.7903,101.983
1893.7545,101.996
1894.7188,102
1895.6830,102.016
1896.6472,102.059
1897.6115,102.124
1898.5757,102.192
1899.5399,102.243
1900.5042,102.267
1901.4684,102.267
1902.4326,102.247
1903.3969,102.213
1904.3611,102.161
1905.3253,102.088
1906.2896,102
1907.2538,101.912
1908.2180,101.852
1909.1823,101.846
1910.1465,101.9
1911.1107,101.997
1912.0750,102.099
1913.0392,102.168
1914.0034,102.178
1914.9677,102.128
1915.9319,102.037
1916.8961,101.933
1917.8604,101.845
1918.8246,101.783
1919.7888,101.748
1920.7531,101.739
1921.7173,101.761
1922.6815,101.824
1923.6458,101.924
1924.6100,102.042
1925.5742,102.147
1926.5385,102.214
1927.5027,102.24
1928.4669,102.242
1929.4312,102.245
1930.3954,102.266
1931.3596,102.304
1932.3239,102.344
1933.2881,102.366
1934.2523,102.363
1935.2166,102.334
1936.1808,102.283
1937.1450,102.212
1938.1093,102.114
1939.0735,101.99
1940.0377,101.848
1941.0020,101.717
1941.9662,101.634
1942.9304,101.625
1943.8947,101.693
1944.8589,101.811
1945.8231,101.941
1946.7874,102.053
1947.7516,102.129
1948.7158,102.173
1949.6801,102.194
1950.6443,102.205
1951.6085,102.214
1952.5728,102.224
1953.5370,102.232
1954.5012,102.238
1955.4655,102.243
1956.4297,102.251
1957.3939,102.26
1958.3582,102.268
1959.3224,102.264
1960.2866,102.234
1961.2509,102.167
1962.2151,102.062
1963.1793,101.929
1964.1436,101.794
1965.1078,101.686
1966.0720,101.634
1967.0363,101.648
1968.0005,101.71
1968.9647,101.785
1969.9290,101.831
1970.8932,101.821
1971.8574,101.755
1972.8217,101.656
1973.7859,101.559
1974.7501,101.494
1975.7144,101.474
1976.6786,101.489
1977.6428,101.52
1978.6071,101.55
1979.5713,101.573
1980.5355,101.589
1981.4998,101.596
1982.4640,101.595
1983.4282,101.585
1984.3925,101.57
1985.3567,101.553
1986.3209,101.533
1987.2852,101.501
1988.2494,101.442
1989.2136,101.351
1990.1779,101.242
1991.1421,101.149
1992.1063,101.111
1993.0706,101.153
1994.0348,101.267
1994.9990,101.421
1995.9633,101.571
1996.9275,101.681
1997.8917,101.738
1998.8560,101.747
1999.8202,101.729
2000.7844,101.709
2001.7487,101.703
2002.7129,101.72
2003.6771,101.76
2004.6414,101.814
2005.6056,101.867
2006.5698,101.902
2007.5341,101.901
2008.4983,101.856
2009.4625,101.769
2010.4268,101.653
2011.3910,101.525
2012.3552,101.405
2013.3195,101.312
2014.2837,101.26
2015.2479,101.253
2016.2122,101.286
2017.1764,101.337
2018.1406,101.379
2019.1049,101.386
2020.0691,101.348
2021.0333,101.272
2021.9976,101.188
2022.9618,101.133
2023.9260,101.142
2024.8903,101.228
2025.8545,101.375
2026.8187,101.537
2027.7830,101.659
2028.7472,101.695
2029.7114,101.633
2030.6757,101.498
2031.6399,101.344
2032.6041,101.232
2033.5684,101.208
2034.5326,101.284
2035.4968,101.436
2036.4611,101.613
2037.4253,101.757
2038.3895,101.82
2039.3538,101.786
2040.3180,101.675
2041.2822,101.54
2042.2465,101.439
2043.2107,101.414
2044.1749,101.466
2045.1392,101.57
2046.1034,101.684
2047.0676,101.776
2048.0320,101.838
2048.9961,101.876
2049.9604,101.906
2050.9246,101.937
2051.8889,101.975
2052.8530,102.019
2053.8174,102.071
2054.7815,102.13
2055.7458,102.19
2056.7100,102.242
2057.6743,102.273
2058.6384,102.274
2059.6028,102.244
2060.5669,102.192
2061.5313,102.132
2062.4954,102.085
2063.4597,102.065
2064.4238,102.083
2065.3882,102.136
2066.3523,102.215
2067.3167,102.301
2068.2808,102.377
2069.2451,102.431
2070.2092,102.459
2071.1736,102.463
2072.1377,102.451
2073.1021,102.43
2074.0662,102.407
2075.0305,102.386
2075.9946,102.37
2076.9590,102.361
2077.9231,102.356
2078.8875,102.353
2079.8516,102.348
2080.8159,102.342
2081.7800,102.338
2082.7444,102.341
2083.7085,102.353
2084.6729,102.372
2085.6370,102.39
2086.6013,102.401
2087.5654,102.404
2088.5298,102.401
2089.4939,102.401
2090.4583,102.412
2091.4224,102.433
2092.3867,102.46
2093.3508,102.481
2094.3152,102.486
2095.2793,102.473
2096.2437,102.45
2097.2078,102.43
2098.1721,102.427
2099.1362,102.448
2100.1006,102.488
2101.0647,102.534
2102.0291,102.569
2102.9932,102.584
2103.9575,102.576
2104.9216,102.549
2105.8860,102.508
2106.8501,102.46
2107.8145,102.406
2108.7786,102.35
2109.7429,102.3
2110.7070,102.265
2111.6714,102.254
2112.6355,102.269
2113.5999,102.306
2114.5640,102.353
2115.5283,102.397
2116.4924,102.43
2117.4568,102.45
2118.4209,102.462
2119.3853,102.47
2120.3494,102.476
2121.3137,102.481
2122.2778,102.479
2123.2422,102.469
2124.2063,102.451
2125.1707,102.428
2126.1348,102.405
2127.0991,102.388
2128.0632,102.38
2129.0276,102.38
2129.9917,102.388
2130.9561,102.397
2131.9202,102.401
2132.8845,102.397
2133.8486,102.378
2134.8130,102.343
2135.7771,102.291
2136.7415,102.222
2137.7056,102.137
2138.6699,102.043
2139.6340,101.946
2140.5984,101.858
2141.5625,101.793
2142.5269,101.762
2143.4910,101.769
2144.4553,101.807
2145.4194,101.857
2146.3838,101.892
2147.3479,101.895
2148.3123,101.863
2149.2764,101.807
2150.2407,101.748
2151.2048,101.698
2152.1692,101.663
2153.1333,101.636
2154.0977,101.607
2155.0618,101.571
2156.0261,101.518
2156.9902,101.442
2157.9546,101.335
2158.9187,101.203
2159.8831,101.067
2160.8472,100.962
2161.8115,100.913
2162.7756,100.927
2163.7400,100.994
2164.7041,101.094
2165.6685,101.208
2166.6326,101.315
2167.5969,101.398
2168.5610,101.446
2169.5254,101.451
2170.4895,101.42
2171.4539,101.371
2172.4180,101.326
2173.3823,101.308
2174.3464,101.33
2175.3108,101.387
2176.2749,101.463
2177.2393,101.534
2178.2034,101.577
2179.1677,101.576
2180.1318,101.531
2181.0962,101.459
2182.0603,101.386
2183.0247,101.34
2183.9888,101.333
2184.9531,101.365
2185.9172,101.422
2186.8816,101.486
2187.8457,101.543
2188.8101,101.584
2189.7742,101.606
2190.7385,101.611
2191.7026,101.61
2192.6670,101.613
2193.6311,101.632
2194.5955,101.666
2195.5596,101.705
2196.5239,101.732
2197.4880,101.735
2198.4524,101.717
2199.4165,101.69
2200.3809,101.67
2201.3450,101.664
2202.3093,101.674
2203.2734,101.695
2204.2378,101.722
2205.2019,101.751
2206.1663,101.776
2207.1304,101.79
2208.0947,101.79
2209.0588,101.779
2210.0232,101.772
2210.9873,101.785
2211.9517,101.825
2212.9158,101.883
2213.8801,101.934
2214.8442,101.957
2215.8086,101.942
2216.7727,101.9
2217.7371,101.853
2218.7012,101.826
2219.6655,101.828
2220.6296,101.852
2221.5940,101.883
2222.5581,101.906
2223.5225,101.913
2224.4866,101.908
2225.4509,101.899
2226.4150,101.896
2227.3794,101.903
2228.3435,101.921
2229.3079,101.944
2230.2720,101.965
2231.2363,101.977
2232.2004,101.977
2233.1648,101.963
2234.1289,101.938
2235.0933,101.908
2236.0574,101.879
2237.0217,101.857
2237.9858,101.847
2238.9502,101.85
2239.9143,101.862
2240.8787,101.877
2241.8428,101.886
2242.8071,101.881
2243.7712,101.861
2244.7356,101.832
2245.6997,101.802
2246.6641,101.781
2247.6282,101.776
2248.5925,101.788
2249.5566,101.809
2250.5210,101.829
2251.4851,101.835
2252.4495,101.821
2253.4136,101.788
2254.3779,101.745
2255.3420,101.703
2256.3064,101.67
2257.2705,101.652
2258.2349,101.647
2259.1990,101.651
2260.1633,101.663
2261.1274,101.681
2262.0918,101.701
2263.0559,101.716
2264.0203,101.714
2264.9844,101.689
2265.9487,101.64
2266.9128,101.58
2267.8772,101.526
2268.8413,101.494
2269.8057,101.486
2270.7698,101.498
2271.7341,101.514
2272.6982,101.527
2273.6626,101.533
2274.6267,101.538
2275.5911,101.55
2276.5552,101.571
2277.5195,101.599
2278.4836,101.625
2279.4480,101.636
2280.4121,101.624
2281.3765,101.585
2282.3406,101.519
2283.3049,101.432
2284.2690,101.328
2285.2334,101.212
2286.1975,101.087
2287.1619,100.956
2288.1260,100.818
2289.0903,100.672
2290.0544,100.517
2291.0188,100.352
2291.9829,100.178
2292.9473,99.9958
2293.9114,99.8067
2294.8757,99.6107
2295.8398,99.4079
2296.8042,99.2001
2297.7683,98.9925
2298.7327,98.7917
2299.6968,98.6019
2300.6611,98.4191
2301.6252,98.2297
2302.5896,98.0138
2303.5537,97.7535
2304.5181,97.4403
2305.4822,97.0802
2306.4465,96.6927
2307.4106,96.3063
2308.3750,95.9516
2309.3391,95.6559
2310.3035,95.4368
2311.2676,95.2963
2312.2319,95.2162
2313.1960,95.1601
2314.1604,95.0827
2315.1245,94.9445
2316.0889,94.7233
2317.0530,94.4199
2318.0173,94.0556
2318.9814,93.6658
2319.9458,93.2924
2320.9099,92.9749
2321.8743,92.7396
2322.8384,92.5909
2323.8027,92.5108
2324.7668,92.4672
2325.7312,92.428
2326.6953,92.3733
2327.6597,92.3027
2328.6238,92.2375
2329.5881,92.211
2330.5522,92.2491
2331.5166,92.3512
2332.4807,92.486
2333.4451,92.6092
2334.4092,92.6863
2335.3735,92.7054
2336.3376,92.674
2337.3020,92.6043
2338.2661,92.4985
2339.2305,92.3473
2340.1946,92.1499
2341.1589,91.9437
2342.1230,91.8201
2343.0874,91.894
2344.0515,92.2181
2345.0159,92.7149
2345.9800,93.2174
2346.9443,93.5753
2347.9084,93.7118
2348.8728,93.6111
2349.8369,93.2894
2350.8013,92.7797
2351.7654,92.1331
2352.7297,91.4219
2353.6938,90.7263
2354.6582,90.1043
2355.6223,89.5737
2356.5867,89.1312
2357.5508,88.7843
2358.5151,88.5582
2359.4792,88.4736
2360.4436,88.5252
2361.4077,88.6844
2362.3721,88.9205
2363.3362,89.2149
2364.3005,89.5597
2365.2646,89.95
2366.2290,90.3795
2367.1931,90.8431
2368.1575,91.3386
2369.1216,91.8652
2370.0859,92.42
2371.0500,92.9981
2372.0144,93.5936
2372.9785,94.2011
2373.9429,94.8154
2374.9070,95.4294
2375.8713,96.0342
2376.8354,96.6215
2377.7998,97.1875
2378.7639,97.7355
2379.7283,98.2742
2380.6924,98.8127
2381.6567,99.3546
2382.6208,99.8938
2383.5852,100.415
2384.5493,100.898
2385.5137,101.323
2386.4778,101.678
2387.4421,101.957
2388.4063,102.165
2389.3706,102.312
2390.3347,102.41
2391.2991,102.472
2392.2632,102.511
2393.2275,102.534
2394.1917,102.549
2395.1560,102.557
2396.1201,102.558
2397.0845,102.552
2398.0486,102.537
2399.0129,102.517
2399.9771,102.495
2400.9414,102.476
2401.9055,102.464
2402.8699,102.461
2403.8340,102.465
2404.7983,102.473
2405.7625,102.477
2406.7268,102.474
2407.6909,102.464
2408.6553,102.451
2409.6194,102.441
2410.5837,102.439
2411.5479,102.445
2412.5122,102.454
2413.4763,102.461
2414.4407,102.461
2415.4048,102.456
2416.3691,102.447
2417.3333,102.436
2418.2976,102.425
2419.2617,102.411
2420.2261,102.396
2421.1902,102.385
2422.1545,102.382
2423.1187,102.39
2424.0830,102.405
2425.0471,102.421
2426.0115,102.432
2426.9756,102.433
2427.9399,102.428
2428.9041,102.421
2429.8684,102.413
2430.8325,102.403
2431.7969,102.384
2432.7610,102.354
2433.7253,102.32
2434.6895,102.292
2435.6538,102.284
2436.6179,102.3
2437.5823,102.333
2438.5464,102.37
2439.5107,102.393
2440.4749,102.395
2441.4392,102.377
2442.4033,102.35
2443.3677,102.325
2444.3318,102.312
2445.2961,102.309
2446.2603,102.312
2447.2246,102.315
2448.1887,102.313
2449.1531,102.305
2450.1172,102.293
2451.0815,102.279
2452.0457,102.268
2453.0100,102.265
2453.9741,102.271
2454.9385,102.287
2455.9026,102.307
2456.8669,102.326
2457.8311,102.338
2458.7954,102.341
2459.7595,102.335
2460.7239,102.323
2461.6880,102.304
2462.6523,102.279
2463.6165,102.25
2464.5808,102.221
2465.5449,102.202
2466.5093,102.199
2467.4734,102.213
2468.4377,102.24
2469.4019,102.27
2470.3662,102.292
2471.3303,102.303
2472.2947,102.303
2473.2588,102.295
2474.2231,102.282
2475.1873,102.263
2476.1516,102.241
2477.1157,102.218
2478.0801,102.201
2479.0442,102.192
2480.0085,102.189
2480.9727,102.189
2481.9370,102.186
2482.9011,102.18
2483.8655,102.177
2484.8296,102.183
2485.7939,102.198
2486.7581,102.213
2487.7224,102.217
2488.6865,102.202
2489.6509,102.17
2490.6150,102.13
2491.5793,102.094
2492.5435,102.071
2493.5078,102.059
2494.4719,102.053
2495.4363,102.049
2496.4004,102.046
2497.3647,102.047
2498.3289,102.05
2499.2932,102.051
2500.2573,102.038
2501.2217,102.003
2502.1858,101.946
2503.1501,101.881
2504.1143,101.829
2505.0786,101.81
2506.0427,101.828
2507.0071,101.872
2507.9712,101.915
2508.9355,101.934
2509.8997,101.918
2510.8640,101.879
2511.8281,101.839
2512.7925,101.823
2513.7566,101.839
2514.7209,101.878
2515.6851,101.915
2516.6494,101.931
2517.6135,101.92
2518.5779,101.891
2519.5420,101.867
2520.5063,101.862
2521.4705,101.881
2522.4348,101.914
2523.3989,101.947
2524.3633,101.967
2525.3274,101.972
2526.2917,101.969
2527.2559,101.963
2528.2202,101.961
2529.1843,101.963
2530.1487,101.967
2531.1128,101.972
2532.0771,101.98
2533.0413,101.991
2534.0056,102.006
2534.9697,102.024
2535.9341,102.045
2536.8982,102.071
2537.8625,102.101
2538.8267,102.133
2539.7910,102.157
2540.7551,102.166
2541.7195,102.15
2542.6836,102.112
2543.6479,102.064
2544.6121,102.025
2545.5764,102.013
2546.5405,102.037
2547.5049,102.087
2548.4690,102.145
2549.4333,102.185
2550.3975,102.19
2551.3618,102.159
2552.3259,102.106
2553.2903,102.055
2554.2544,102.029
2555.2188,102.04
2556.1829,102.083
2557.1472,102.139
2558.1113,102.185
2559.0757,102.203
2560.0398,102.19
2561.0042,102.156
2561.9683,102.119
2562.9326,102.096
2563.8967,102.095
2564.8611,102.114
2565.8252,102.141
2566.7896,102.165
2567.7537,102.179
2568.7180,102.183
2569.6821,102.18
2570.6465,102.173
2571.6106,102.166
2572.5750,102.161
2573.5391,102.161
2574.5034,102.168
2575.4675,102.181
2576.4319,102.195
2577.3960,102.202
2578.3604,102.196
2579.3245,102.179
2580.2888,102.162
2581.2529,102.154
2582.2173,102.159
2583.1814,102.17
2584.1458,102.174
2585.1099,102.162
2586.0742,102.133
2587.0383,102.1
2588.0027,102.077
2588.9668,102.072
2589.9312,102.084
2590.8953,102.105
2591.8596,102.126
2592.8237,102.144
2593.7881,102.161
2594.7522,102.18
2595.7166,102.203
2596.6807,102.226
2597.6450,102.244
2598.6091,102.251
2599.5735,102.247
2600.5376,102.236
2601.5020,102.219
2602.4661,102.198
2603.4304,102.175
2604.3945,102.152
2605.3589,102.135
2606.3230,102.134
2607.2874,102.152
2608.2515,102.187
2609.2158,102.229
2610.1799,102.263
2611.1443,102.277
2612.1084,102.266
2613.0728,102.238
2614.0369,102.207
2615.0012,102.187
2615.9653,102.188
2616.9297,102.209
2617.8938,102.241
2618.8582,102.269
2619.8223,102.286
2620.7866,102.287
2621.7507,102.279
2622.7151,102.269
2623.6792,102.265
2624.6436,102.268
2625.6077,102.275
2626.5720,102.281
2627.5361,102.28
2628.5005,102.272
2629.4646,102.26
2630.4290,102.249
2631.3931,102.24
2632.3574,102.237
2633.3215,102.237
2634.2859,102.24
2635.2500,102.246
2636.2144,102.253
2637.1785,102.261
2638.1428,102.268
2639.1069,102.271
2640.0713,102.27
2641.0354,102.264
2641.9998,102.255
2642.9639,102.244
2643.9282,102.234
2644.8923,102.228
2645.8567,102.225
2646.8208,102.225
2647.7852,102.228
2648.7493,102.231
2649.7136,102.232
2650.6777,102.228
2651.6421,102.221
2652.6062,102.211
2653.5706,102.203
2654.5347,102.201
2655.4990,102.206
2656.4631,102.22
2657.4275,102.238
2658.3916,102.256
2659.3560,102.269
2660.3201,102.272
2661.2844,102.267
2662.2485,102.258
2663.2129,102.253
2664.1770,102.256
2665.1414,102.269
2666.1055,102.288
2667.0698,102.304
2668.0339,102.314
2668.9983,102.314
2669.9624,102.309
2670.9268,102.303
2671.8909,102.3
2672.8552,102.303
2673.8193,102.308
2674.7837,102.314
2675.7478,102.318
2676.7122,102.323
2677.6763,102.328
2678.6406,102.336
2679.6047,102.343
2680.5691,102.348
2681.5332,102.35
2682.4976,102.351
2683.4617,102.354
2684.4260,102.358
2685.3901,102.364
2686.3545,102.37
2687.3186,102.372
2688.2830,102.372
2689.2471,102.369
2690.2114,102.365
2691.1755,102.359
2692.1399,102.354
2693.1040,102.35
2694.0684,102.35
2695.0325,102.356
2695.9968,102.365
2696.9609,102.375
2697.9253,102.378
2698.8894,102.372
2699.8538,102.358
2700.8179,102.343
2701.7822,102.332
2702.7463,102.33
2703.7107,102.335
2704.6748,102.342
2705.6392,102.346
2706.6033,102.344
2707.5676,102.336
2708.5317,102.326
2709.4961,102.319
2710.4602,102.317
2711.4246,102.32
2712.3887,102.323
2713.3530,102.325
2714.3171,102.323
2715.2815,102.318
2716.2456,102.313
2717.2100,102.31
2718.1741,102.31
2719.1384,102.309
2720.1025,102.307
2721.0669,102.302
2722.0310,102.296
2722.9954,102.292
2723.9595,102.293
2724.9238,102.298
2725.8879,102.301
2726.8523,102.297
2727.8164,102.282
2728.7808,102.258
2729.7449,102.232
2730.7092,102.212
2731.6733,102.206
2732.6377,102.214
2733.6018,102.232
2734.5662,102.253
2735.5303,102.27
2736.4946,102.278
2737.4587,102.276
2738.4231,102.267
2739.3872,102.253
2740.3516,102.239
2741.3157,102.227
2742.2800,102.22
2743.2441,102.219
2744.2085,102.223
2745.1726,102.232
2746.1370,102.244
2747.1011,102.26
2748.0654,102.277
2749.0295,102.293
2749.9939,102.304
2750.9580,102.306
2751.9224,102.298
2752.8865,102.284
2753.8508,102.272
2754.8149,102.266
2755.7793,102.267
2756.7434,102.272
2757.7078,102.275
2758.6719,102.275
2759.6362,102.27
2760.6003,102.265
2761.5647,102.261
2762.5288,102.26
2763.4932,102.26
2764.4573,102.261
2765.4216,102.265
2766.3857,102.272
2767.3501,102.281
2768.3142,102.29
2769.2786,102.294
2770.2427,102.291
2771.2070,102.283
2772.1711,102.271
2773.1355,102.26
2774.0996,102.25
2775.0640,102.242
2776.0281,102.232
2776.9924,102.218
2777.9565,102.202
2778.9209,102.186
2779.8850,102.174
2780.8494,102.17
2781.8135,102.174
2782.7778,102.183
2783.7419,102.193
2784.7063,102.2
2785.6704,102.199
2786.6348,102.192
2787.5989,102.181
2788.5632,102.168
2789.5273,102.154
2790.4917,102.138
2791.4558,102.12
2792.4202,102.099
2793.3843,102.076
2794.3486,102.051
2795.3127,102.029
2796.2771,102.014
2797.2412,102.008
2798.2056,102.012
2799.1697,102.023
2800.1340,102.034
2801.0981,102.033
2802.0625,102.016
2803.0266,101.979
2803.9910,101.929
2804.9551,101.874
2805.9194,101.823
2806.8835,101.782
2807.8479,101.753
2808.8120,101.734
2809.7764,101.718
2810.7405,101.702
2811.7048,101.681
2812.6689,101.653
2813.6333,101.621
2814.5974,101.587
2815.5618,101.555
2816.5259,101.528
2817.4902,101.504
2818.4543,101.482
2819.4187,101.461
2820.3828,101.44
2821.3472,101.418
2822.3113,101.395
2823.2756,101.368
2824.2397,101.335
2825.2041,101.295
2826.1682,101.251
2827.1326,101.206
2828.0967,101.161
2829.0610,101.113
2830.0251,101.057
2830.9895,100.987
2831.9536,100.898
2832.9180,100.789
2833.8821,100.656
2834.8464,100.499
2835.8105,100.316
2836.7749,100.105
2837.7390,99.8676
2838.7034,99.603
2839.6675,99.3112
2840.6318,98.9898
2841.5959,98.6337
2842.5603,98.234
2843.5244,97.7796
2844.4888,97.2622
2845.4529,96.685
2846.4172,96.0716
2847.3813,95.4697
2848.3457,94.9444
2849.3098,94.5616
2850.2742,94.3669
2851.2383,94.3706
2852.2026,94.5456
2853.1667,94.8403
2854.1311,95.1978
2855.0952,95.5732
2856.0596,95.9411
2857.0237,96.2919
2857.9880,96.6237
2858.9521,96.9345
2859.9165,97.2195
2860.8806,97.4738
2861.8450,97.6954
2862.8091,97.8867
2863.7734,98.0523
2864.7375,98.1955
2865.7019,98.3163
2866.6660,98.413
2867.6304,98.4854
2868.5945,98.5385
2869.5588,98.5821
2870.5229,98.6275
2871.4873,98.6822
2872.4514,98.7464
2873.4158,98.8146
2874.3799,98.8788
2875.3442,98.9338
2876.3083,98.9786
2877.2727,99.015
2878.2368,99.0441
2879.2012,99.0639
2880.1653,99.0701
2881.1296,99.0579
2882.0938,99.0249
2883.0581,98.972
2884.0222,98.9024
2884.9866,98.8188
2885.9507,98.7223
2886.9150,98.6115
2887.8792,98.4841
2888.8435,98.3384
2889.8076,98.1753
2890.7720,97.9987
2891.7361,97.8144
2892.7004,97.6273
2893.6646,97.4395
2894.6289,97.2493
2895.5930,97.0516
2896.5574,96.8416
2897.5215,96.6162
2898.4858,96.3767
2899.4500,96.1267
2900.4143,95.871
2901.3784,95.6122
2902.3428,95.3501
2903.3069,95.0817
2904.2712,94.8033
2905.2354,94.5127
2906.1997,94.2103
2907.1638,93.8978
2908.1282,93.5764
2909.0923,93.2431
2910.0566,92.8902
2911.0208,92.5075
2911.9851,92.0882
2912.9492,91.6358
2913.9136,91.1674
2914.8777,90.7123
2915.8420,90.3062
2916.8062,89.9817
2917.7705,89.7612
2918.7346,89.6538
2919.6990,89.6554
2920.6631,89.7528
2921.6274,89.9274
2922.5916,90.1596
2923.5559,90.4322
2924.5200,90.7323
2925.4844,91.052
2926.4485,91.387
2927.4128,91.7349
2928.3770,92.0931
2929.3413,92.4584
2930.3054,92.8284
2931.2698,93.2021
2932.2339,93.5799
2933.1982,93.9616
2934.1624,94.3448
2935.1267,94.7237
2936.0908,95.0907
2937.0552,95.4383
2938.0193,95.7614
2938.9836,96.0578
2939.9478,96.327
2940.9121,96.569
2941.8762,96.7832
2942.8406,96.9683
2943.8047,97.1233
2944.7690,97.2479
2945.7332,97.343
2946.6975,97.4108
2947.6616,97.4542
2948.6260,97.4764
2949.5901,97.4808
2950.5544,97.471
2951.5186,97.4514
2952.4829,97.4279
2953.4470,97.4084
2954.4114,97.4019
2955.3755,97.4164
2956.3398,97.4569
2957.3040,97.5239
2958.2683,97.6131
2959.2324,97.7181
2960.1968,97.8325
2961.1609,97.952
2962.1252,98.0762
2963.0894,98.2071
2964.0537,98.3476
2965.0178,98.4996
2965.9822,98.6624
2966.9463,98.8326
2967.9106,99.0049
2968.8748,99.1745
2969.8391,99.3379
2970.8032,99.494
2971.7676,99.6427
2972.7317,99.7847
2973.6960,99.9201
2974.6602,100.049
2975.6245,100.172
2976.5886,100.292
2977.5530,100.414
2978.5171,100.539
2979.4814,100.67
2980.4456,100.804
2981.4099,100.937
2982.3740,101.061
2983.3384,101.174
2984.3025,101.273
2985.2668,101.36
2986.2310,101.441
2987.1953,101.518
2988.1594,101.595
2989.1238,101.671
2990.0879,101.743
2991.0522,101.808
2992.0164,101.863
2992.9807,101.908
2993.9448,101.947
2994.9092,101.984
2995.8733,102.022
2996.8376,102.061
2997.8018,102.096
2998.7661,102.123
2999.7302,102.138
3000.6946,102.141
3001.6587,102.136
3002.6230,102.129
3003.5872,102.126
3004.5515,102.13
3005.5156,102.142
3006.4800,102.159
3007.4441,102.178
3008.4084,102.198
3009.3726,102.217
3010.3369,102.236
3011.3010,102.257
3012.2654,102.282
3013.2295,102.312
3014.1938,102.343
3015.1580,102.375
3016.1223,102.403
3017.0864,102.425
3018.0508,102.438
3019.0149,102.443
3019.9792,102.443
3020.9434,102.44
3021.9077,102.439
3022.8718,102.441
3023.8362,102.447
3024.8003,102.458
3025.7646,102.468
3026.7288,102.472
3027.6931,102.467
3028.6572,102.452
3029.6216,102.433
3030.5857,102.418
3031.5500,102.414
3032.5142,102.425
3033.4785,102.449
3034.4426,102.48
3035.4070,102.511
3036.3711,102.535
3037.3354,102.552
3038.2996,102.562
3039.2639,102.566
3040.2280,102.567
3041.1924,102.567
3042.1565,102.567
3043.1208,102.567
3044.0850,102.565
3045.0493,102.56
3046.0134,102.552
3046.9778,102.543
3047.9419,102.535
3048.9063,102.53
3049.8704,102.529
3050.8347,102.527
3051.7988,102.521
3052.7632,102.51
3053.7273,102.496
3054.6917,102.483
3055.6558,102.477
3056.6201,102.48
3057.5842,102.491
3058.5486,102.502
3059.5127,102.509
3060.4771,102.507
3061.4412,102.498
3062.4055,102.486
3063.3696,102.478
3064.3340,102.476
3065.2981,102.482
3066.2625,102.493
3067.2266,102.504
3068.1909,102.511
3069.1550,102.515
3070.1194,102.517
3071.0835,102.519
3072.0479,102.524
3073.0120,102.529
3073.9763,102.532
3074.9404,102.53
3075.9048,102.523
3076.8689,102.511
3077.8333,102.497
3078.7974,102.485
3079.7617,102.478
3080.7258,102.476
3081.6902,102.48
3082.6543,102.487
3083.6187,102.495
3084.5828,102.502
3085.5471,102.505
3086.5112,102.507
3087.4756,102.508
3088.4397,102.51
3089.4041,102.512
3090.3682,102.511
3091.3325,102.501
3092.2966,102.483
3093.2610,102.457
3094.2251,102.43
3095.1895,102.405
3096.1536,102.387
3097.1179,102.374
3098.0820,102.366
3099.0464,102.363
3100.0105,102.364
3100.9749,102.372
3101.9390,102.387
3102.9033,102.405
3103.8674,102.423
3104.8318,102.434
3105.7959,102.438
3106.7603,102.433
3107.7244,102.42
3108.6887,102.403
3109.6528,102.382
3110.6172,102.363
3111.5813,102.347
3112.5457,102.336
3113.5098,102.331
3114.4741,102.329
3115.4382,102.327
3116.4026,102.323
3117.3667,102.316
3118.3311,102.307
3119.2952,102.297
3120.2595,102.288
3121.2236,102.279
3122.1880,102.272
3123.1521,102.265
3124.1165,102.261
3125.0806,102.259
3126.0449,102.262
3127.0090,102.268
3127.9734,102.275
3128.9375,102.28
3129.9019,102.28
3130.8660,102.273
3131.8303,102.262
3132.7944,102.251
3133.7588,102.245
3134.7229,102.247
3135.6873,102.257
3136.6514,102.269
3137.6157,102.277
3138.5798,102.275
3139.5442,102.262
3140.5083,102.243
3141.4727,102.222
3142.4368,102.205
3143.4011,102.195
3144.3652,102.191
3145.3296,102.19
3146.2937,102.19
3147.2581,102.19
3148.2222,102.192
3149.1865,102.198
3150.1506,102.207
3151.1150,102.217
3152.0791,102.223
3153.0435,102.223
3154.0076,102.216
3154.9719,102.202
3155.9360,102.186
3156.9004,102.168
3157.8645,102.151
3158.8289,102.136
3159.7930,102.125
3160.7573,102.118
3161.7214,102.112
3162.6858,102.108
3163.6499,102.104
3164.6143,102.1
3165.5784,102.096
3166.5427,102.094
3167.5068,102.092
3168.4712,102.09
3169.4353,102.085
3170.3997,102.077
3171.3638,102.063
3172.3281,102.044
3173.2922,102.019
3174.2566,101.989
3175.2207,101.958
3176.1851,101.931
3177.1492,101.916
3178.1135,101.915
3179.0776,101.928
3180.0420,101.948
3181.0061,101.965
3181.9705,101.973
3182.9346,101.971
3183.8989,101.959
3184.8630,101.944
3185.8274,101.931
3186.7915,101.921
3187.7559,101.916
3188.7200,101.913
3189.6843,101.909
3190.6484,101.9
3191.6128,101.886
3192.5769,101.865
3193.5413,101.842
3194.5054,101.82
3195.4697,101.806
3196.4338,101.802
3197.3982,101.807
3198.3623,101.816
3199.3267,101.822
3200.2908,101.822
3201.2551,101.814
3202.2192,101.803
3203.1836,101.794
3204.1477,101.79
3205.1121,101.792
3206.0762,101.796
3207.0405,101.798
3208.0046,101.793
3208.9690,101.781
3209.9331,101.764
3210.8975,101.745
3211.8616,101.73
3212.8259,101.719
3213.7900,101.712
3214.7544,101.705
3215.7185,101.696
3216.6829,101.685
3217.6470,101.674
3218.6113,101.668
3219.5754,101.671
3220.5398,101.683
3221.5039,101.699
3222.4683,101.712
3223.4324,101.715
3224.3967,101.706
3225.3608,101.688
3226.3252,101.667
3227.2893,101.651
3228.2537,101.643
3229.2178,101.644
3230.1821,101.651
3231.1462,101.661
3232.1106,101.667
3233.0747,101.669
3234.0391,101.664
3235.0032,101.656
3235.9675,101.649
3236.9316,101.646
3237.8960,101.647
3238.8601,101.649
3239.8245,101.649
3240.7886,101.643
3241.7529,101.631
3242.7170,101.62
3243.6814,101.617
3244.6455,101.624
3245.6099,101.641
3246.5740,101.66
3247.5383,101.674
3248.5024,101.675
3249.4668,101.664
3250.4309,101.645
3251.3953,101.624
3252.3594,101.607
3253.3237,101.597
3254.2878,101.593
3255.2522,101.592
3256.2163,101.593
3257.1807,101.595
3258.1448,101.599
3259.1091,101.604
3260.0732,101.61
3261.0376,101.614
3262.0017,101.615
3262.9661,101.612
3263.9302,101.606
3264.8945,101.601
3265.8586,101.6
3266.8230,101.602
3267.7871,101.607
3268.7515,101.611
3269.7156,101.61
3270.6799,101.601
3271.6440,101.585
3272.6084,101.565
3273.5725,101.545
3274.5369,101.531
3275.5010,101.525
3276.4653,101.526
3277.4294,101.532
3278.3938,101.54
3279.3579,101.547
3280.3223,101.552
3281.2864,101.556
3282.2507,101.56
3283.2148,101.564
3284.1792,101.568
3285.1433,101.57
3286.1077,101.569
3287.0718,101.566
3288.0361,101.563
3289.0002,101.561
3289.9646,101.562
3290.9287,101.567
3291.8931,101.573
3292.8572,101.577
3293.8215,101.578
3294.7856,101.575
3295.7500,101.571
3296.7141,101.569
3297.6785,101.569
3298.6426,101.573
3299.6069,101.578
3300.5710,101.586
3301.5354,101.596
3302.4995,101.608
3303.4639,101.619
3304.4280,101.625
3305.3923,101.618
3306.3564,101.597
3307.3208,101.563
3308.2849,101.523
3309.2493,101.486
3310.2134,101.462
3311.1777,101.453
3312.1418,101.457
3313.1062,101.47
3314.0703,101.487
3315.0347,101.503
3315.9988,101.518
3316.9631,101.532
3317.9272,101.544
3318.8916,101.555
3319.8557,101.563
3320.8201,101.565
3321.7842,101.558
3322.7485,101.542
3323.7126,101.52
3324.6770,101.497
3325.6411,101.479
3326.6055,101.471
3327.5696,101.472
3328.5339,101.479
3329.4980,101.486
3330.4624,101.487
3331.4265,101.479
3332.3909,101.462
3333.3550,101.443
3334.3193,101.426
3335.2834,101.419
3336.2478,101.424
3337.2119,101.44
3338.1763,101.461
3339.1404,101.481
3340.1047,101.494
3341.0688,101.5
3342.0332,101.5
3342.9973,101.498
3343.9617,101.496
3344.9258,101.496
3345.8901,101.5
3346.8542,101.509
3347.8186,101.523
3348.7827,101.541
3349.7471,101.558
3350.7112,101.566
3351.6755,101.558
3352.6396,101.534
3353.6040,101.498
3354.5681,101.46
3355.5325,101.429
3356.4966,101.412
3357.4609,101.405
3358.4250,101.406
3359.3894,101.408
3360.3535,101.409
3361.3179,101.41
3362.2820,101.412
3363.2463,101.415
3364.2104,101.42
3365.1748,101.425
3366.1389,101.433
3367.1033,101.446
3368.0674,101.466
3369.0317,101.491
3369.9958,101.514
3370.9602,101.53
3371.9243,101.534
3372.8887,101.527
3373.8528,101.514
3374.8171,101.503
3375.7813,101.498
3376.7456,101.503
3377.7097,101.512
3378.6741,101.521
3379.6382,101.525
3380.6025,101.522
3381.5667,101.515
3382.5310,101.508
3383.4951,101.508
3384.4595,101.517
3385.4236,101.534
3386.3879,101.553
3387.3521,101.565
3388.3164,101.564
3389.2805,101.548
3390.2449,101.524
3391.2090,101.502
3392.1733,101.49
3393.1375,101.492
3394.1018,101.504
3395.0659,101.523
3396.0303,101.54
3396.9944,101.554
3397.9587,101.563
3398.9229,101.569
3399.8872,101.573
3400.8513,101.576
3401.8157,101.582
3402.7798,101.59
3403.7441,101.603
3404.7083,101.618
3405.6726,101.634
3406.6367,101.648
3407.6011,101.658
3408.5652,101.664
3409.5295,101.665
3410.4937,101.665
3411.4580,101.667
3412.4221,101.674
3413.3865,101.687
3414.3506,101.698
3415.3149,101.699
3416.2791,101.678
3417.2434,101.633
3418.2075,101.572
3419.1719,101.513
3420.1360,101.478
3421.1003,101.479
3422.0645,101.516
3423.0288,101.574
3423.9929,101.634
3424.9573,101.681
3425.9214,101.708
3426.8857,101.72
3427.8499,101.725
3428.8142,101.729
3429.7783,101.736
3430.7427,101.744
3431.7068,101.75
3432.6711,101.755
3433.6353,101.759
3434.5996,101.764
3435.5637,101.77
3436.5281,101.774
3437.4922,101.77
3438.4565,101.755
3439.4207,101.729
3440.3850,101.694
3441.3491,101.652
3442.3135,101.602
3443.2776,101.545
3444.2419,101.486
3445.2061,101.439
3446.1704,101.424
3447.1345,101.452
3448.0989,101.523
3449.0630,101.618
3450.0273,101.706
3450.9915,101.768
3451.9558,101.795
3452.9199,101.797
3453.8843,101.79
3454.8484,101.786
3455.8127,101.788
3456.7769,101.789
3457.7412,101.781
3458.7053,101.761
3459.6697,101.735
3460.6338,101.717
3461.5981,101.712
3462.5623,101.723
3463.5266,101.742
3464.4907,101.763
3465.4551,101.782
3466.4192,101.801
3467.3835,101.827
3468.3477,101.862
3469.3120,101.899
3470.2761,101.932
3471.2405,101.951
3472.2046,101.958
3473.1689,101.96
3474.1331,101.962
3475.0974,101.967
3476.0615,101.965
3477.0259,101.945
3477.9900,101.902
3478.9543,101.841
3479.9185,101.784
3480.8828,101.75
3481.8469,101.752
3482.8113,101.782
3483.7754,101.824
3484.7397,101.859
3485.7039,101.882
3486.6682,101.902
3487.6323,101.93
3488.5967,101.975
3489.5608,102.029
3490.5251,102.076
3491.4893,102.097
3492.4536,102.087
3493.4177,102.057
3494.3821,102.026
3495.3462,102.01
3496.3105,102.009
3497.2747,102.003
3498.2390,101.965
3499.2031,101.883
3500.1675,101.768
3501.1316,101.662
3502.0959,101.61
3503.0601,101.637
3504.0244,101.727
3504.9885,101.83
3505.9529,101.897
3506.9170,101.909
3507.8813,101.883
3508.8455,101.86
3509.8098,101.878
3510.7739,101.949
3511.7383,102.051
3512.7024,102.15
3513.6667,102.217
3514.6309,102.245
3515.5952,102.245
3516.5593,102.229
3517.5237,102.202
3518.4878,102.155
3519.4521,102.075
3520.4163,101.958
3521.3806,101.816
3522.3447,101.673
3523.3091,101.557
3524.2732,101.485
3525.2375,101.462
3526.2017,101.484
3527.1660,101.551
3528.1301,101.664
3529.0945,101.814
3530.0586,101.979
3531.0229,102.125
3531.9871,102.219
3532.9514,102.244
3533.9155,102.215
3534.8799,102.166
3535.8440,102.143
3536.8083,102.172
3537.7725,102.245
3538.7368,102.317
3539.7009,102.331
3540.6653,102.245
3541.6294,102.048
3542.5938,101.773
3543.5579,101.494
3544.5222,101.301
3545.4863,101.261
3546.4507,101.373
3547.4148,101.569
3548.3792,101.761
3549.3433,101.891
3550.3076,101.949
3551.2717,101.974
3552.2361,102.017
3553.2002,102.109
3554.1646,102.235
3555.1287,102.344
3556.0930,102.391
3557.0571,102.362
3558.0215,102.276
3558.9856,102.167
3559.9500,102.054
3560.9141,101.919
3561.8784,101.713
3562.8425,101.394
3563.8069,100.965
3564.7710,100.504
3565.7354,100.175
3566.6995,100.15
3567.6638,100.474
3568.6279,101.009
3569.5923,101.554
3570.5564,101.977
3571.5208,102.242
3572.4849,102.372
3573.4492,102.412
3574.4133,102.404
3575.3777,102.376
3576.3418,102.343
3577.3062,102.311
3578.2703,102.29
3579.2346,102.281
3580.1987,102.269
3581.1631,102.219
3582.1272,102.086
3583.0916,101.835
3584.0557,101.47
3585.0200,101.057
3585.9841,100.726
3586.9485,100.625
3587.9126,100.797
3588.8770,101.127
3589.8411,101.435
3590.8054,101.607
3591.7695,101.624
3592.7339,101.54
3593.6980,101.437
3594.6624,101.388
3595.6265,101.411
3596.5908,101.475
3597.5549,101.542
3598.5193,101.603
3599.4834,101.681
3600.4478,101.796
3601.4119,101.932
3602.3762,102.035
3603.3403,102.053
3604.3047,101.963
3605.2688,101.788
3606.2332,101.592
3607.1973,101.448
3608.1616,101.394
3609.1257,101.411
3610.0901,101.439
3611.0542,101.433
3612.0186,101.387
3612.9827,101.324
3613.9470,101.268
3614.9111,101.223
3615.8755,101.181
3616.8396,101.144
3617.8040,101.143
3618.7681,101.23
3619.7324,101.431
3620.6965,101.696
3621.6609,101.928
3622.6250,102.038
3623.5894,101.984
3624.5535,101.763
3625.5178,101.406
3626.4819,100.989
3627.4463,100.654
3628.4104,100.567
3629.3748,100.776
3630.3389,101.154
3631.3032,101.539
3632.2673,101.855
3633.2317,102.102
3634.1958,102.305
3635.1602,102.478
3636.1243,102.62
3637.0886,102.723
3638.0527,102.783
3639.0171,102.806
3639.9812,102.796
3640.9456,102.752
3641.9097,102.652
3642.8740,102.467
3643.8381,102.167
3644.8025,101.731
3645.7666,101.174
3646.7310,100.576
3647.6951,100.142
3648.6594,100.124
3649.6235,100.576
3650.5879,101.236
3651.5520,101.818
3652.5164,102.214
3653.4805,102.449
3654.4448,102.593
3655.4089,102.72
3656.3733,102.875
3657.3374,103.059
3658.3018,103.235
3659.2659,103.373
3660.2302,103.462
3661.1943,103.509
3662.1587,103.513
3663.1228,103.462
3664.0872,103.335
3665.0513,103.115
3666.0156,102.805
3666.9797,102.433
3667.9441,102.069
3668.9082,101.801
3669.8726,101.675
3670.8367,101.642
3671.8010,101.603
3672.7651,101.497
3673.7295,101.34
3674.6936,101.225
3675.6580,101.278
3676.6221,101.537
3677.5864,101.912
3678.5505,102.288
3679.5149,102.602
3680.4790,102.834
3681.4434,102.981
3682.4075,103.034
3683.3718,102.986
3684.3359,102.834
3685.3003,102.581
3686.2644,102.244
3687.2288,101.87
3688.1929,101.558
3689.1572,101.428
3690.1213,101.527
3691.0857,101.782
3692.0498,102.078
3693.0142,102.339
3693.9783,102.533
3694.9426,102.657
3695.9067,102.712
3696.8711,102.705
3697.8352,102.647
3698.7996,102.554
3699.7637,102.459
3700.7280,102.398
3701.6921,102.401
3702.6565,102.462
3703.6206,102.537
3704.5850,102.571
3705.5491,102.524
3706.5134,102.377
3707.4775,102.135
3708.4419,101.837
3709.4060,101.573
3710.3704,101.471
3711.3345,101.611
3712.2988,101.941
3713.2629,102.318
3714.2273,102.625
3715.1914,102.814
3716.1558,102.884
3717.1199,102.847
3718.0842,102.723
3719.0483,102.528
3720.0127,102.282
3720.9768,102.005
3721.9412,101.724
3722.9053,101.476
3723.8696,101.309
3724.8337,101.261
3725.7981,101.341
3726.7622,101.509
3727.7266,101.69
3728.6907,101.807
3729.6550,101.787
3730.6191,101.576
3731.5835,101.157
3732.5476,100.583
3733.5120,100.022
3734.4761,99.7206
3735.4404,99.8428
3736.4045,100.305
3737.3689,100.855
3738.3330,101.288
3739.2974,101.527
3740.2615,101.582
3741.2258,101.5
3742.1899,101.346
3743.1543,101.205
3744.1184,101.153
3745.0828,101.194
3746.0469,101.252
3747.0112,101.252
3747.9753,101.176
3748.9397,101.07
3749.9038,101.043
3750.8682,101.208
3751.8323,101.562
3752.7966,101.964
3753.7607,102.281
3754.7251,102.47
3755.6892,102.548
3756.6536,102.568
3757.6177,102.596
3758.5820,102.686
3759.5461,102.843
3760.5105,103.016
3761.4746,103.144
3762.4390,103.193
3763.4031,103.164
3764.3674,103.083
3765.3315,102.983
3766.2959,102.898
3767.2600,102.849
3768.2244,102.854
3769.1885,102.928
3770.1528,103.073
3771.1169,103.269
3772.0813,103.469
3773.0454,103.622
3774.0098,103.694
3774.9739,103.673
3775.9382,103.571
3776.9023,103.427
3777.8667,103.291
3778.8308,103.208
3779.7952,103.185
3780.7593,103.195
3781.7236,103.205
3782.6877,103.204
3783.6521,103.205
3784.6162,103.236
3785.5806,103.315
3786.5447,103.436
3787.5090,103.574
3788.4731,103.694
3789.4375,103.771
3790.4016,103.793
3791.3660,103.758
3792.3301,103.671
3793.2944,103.531
3794.2585,103.344
3795.2229,103.118
3796.1870,102.869
3797.1514,102.62
3798.1155,102.392
3799.0798,102.217
3800.0439,102.134
3801.0083,102.165
3801.9724,102.292
3802.9368,102.459
3803.9009,102.619
3804.8652,102.764
3805.8293,102.92
3806.7937,103.108
3807.7578,103.317
3808.7222,103.494
3809.6863,103.59
3810.6506,103.587
3811.6147,103.49
3812.5791,103.316
3813.5432,103.086
3814.5076,102.829
3815.4717,102.58
3816.4360,102.358
3817.4001,102.169
3818.3645,102.021
3819.3286,101.944
3820.2930,101.98
3821.2571,102.138
3822.2214,102.366
3823.1855,102.586
3824.1499,102.753
3825.1140,102.866
3826.0784,102.943
3827.0425,102.999
3828.0068,103.037
3828.9709,103.045
3829.9353,103.012
3830.8994,102.931
3831.8638,102.807
3832.8279,102.648
3833.7922,102.456
3834.7563,102.234
3835.7207,101.99
3836.6848,101.759
3837.6492,101.598
3838.6133,101.564
3839.5776,101.671
3840.5417,101.884
3841.5061,102.154
3842.4702,102.445
3843.4346,102.729
3844.3987,102.969
3845.3630,103.123
3846.3271,103.154
3847.2915,103.046
3848.2556,102.804
3849.2200,102.451
3850.1841,102.015
3851.1484,101.558
3852.1125,101.207
3853.0769,101.135
3854.0410,101.381
3855.0054,101.778
3855.9695,102.155
3856.9338,102.446
3857.8979,102.645
3858.8623,102.744
3859.8264,102.733
3860.7908,102.614
3861.7549,102.424
3862.7192,102.241
3863.6833,102.136
3864.6477,102.119
3865.6118,102.142
3866.5762,102.137
3867.5403,102.067
3868.5046,101.938
3869.4688,101.802
3870.4331,101.737
3871.3972,101.803
3872.3616,102.006
3873.3257,102.292
3874.2900,102.578
3875.2542,102.794
3876.2185,102.894
3877.1826,102.865
3878.1470,102.727
3879.1111,102.527
3880.0754,102.326
3881.0396,102.174
3882.0039,102.092
3882.9680,102.079
3883.9324,102.135
3884.8965,102.259
3885.8608,102.429
3886.8250,102.598
3887.7893,102.71
3888.7534,102.737
3889.7178,102.696
3890.6819,102.642
3891.6462,102.644
3892.6104,102.726
3893.5747,102.844
3894.5388,102.918
3895.5032,102.89
3896.4673,102.735
3897.4316,102.462
3898.3958,102.111
3899.3601,101.747
3900.3242,101.44
3901.2886,101.243
3902.2527,101.198
3903.2170,101.334
3904.1812,101.646
3905.1455,102.075
3906.1096,102.534
3907.0740,102.944
3908.0381,103.263
3909.0024,103.479
3909.9666,103.595
3910.9309,103.618
3911.8950,103.553
3912.8594,103.406
3913.8235,103.192
3914.7878,102.944
3915.7520,102.714
3916.7163,102.566
3917.6804,102.533
3918.6448,102.593
3919.6089,102.678
3920.5732,102.725
3921.5374,102.711
3922.5017,102.664
3923.4658,102.639
3924.4302,102.682
3925.3943,102.787
3926.3586,102.899
3927.3228,102.948
3928.2871,102.897
3929.2512,102.759
3930.2156,102.598
3931.1797,102.499
3932.1440,102.521
3933.1082,102.664
3934.0725,102.874
3935.0366,103.085
3936.0010,103.246
3936.9651,103.329
3937.9294,103.326
3938.8936,103.241
3939.8579,103.098
3940.8220,102.941
3941.7864,102.818
3942.7505,102.761
3943.7148,102.762
3944.6790,102.78
3945.6433,102.773
3946.6074,102.728
3947.5718,102.672
3948.5359,102.652
3949.5002,102.709
3950.4644,102.843
3951.4287,103.013
3952.3928,103.167
3953.3572,103.271
3954.3213,103.319
3955.2856,103.325
3956.2498,103.307
3957.2141,103.277
3958.1782,103.238
3959.1426,103.192
3960.1067,103.152
3961.0710,103.135
3962.0352,103.154
3962.9995,103.208
3963.9636,103.278
3964.9280,103.339
3965.8921,103.372
3966.8564,103.373
3967.8206,103.353
3968.7849,103.325
3969.7490,103.302
3970.7134,103.283
3971.6775,103.267
3972.6418,103.25
3973.6060,103.238
3974.5703,103.234
3975.5344,103.246
3976.4988,103.269
3977.4629,103.297
3978.4272,103.319
3979.3914,103.332
3980.3557,103.337
3981.3198,103.342
3982.2842,103.356
3983.2483,103.377
3984.2126,103.399
3985.1768,103.41
3986.1411,103.4
3987.1052,103.37
3988.0696,103.328
3989.0337,103.286
3989.9980,103.258
3990.9622,103.249
3991.9265,103.254
3992.8906,103.268
3993.8550,103.284
3994.8191,103.301
3995.7834,103.318
3996.7476,103.336
3997.7119,103.355
3998.6760,103.372
3999.6404,103.388
4000.6045,103.402
