TITLE SAMPLE NAME:,Polystyrene (medicine-toys-disposable dishes)
DATA TYPE:,Infrared Spectrum
MEASUREMENT INFORMATION:,Spectrophotometer
MODEL NAME:,FT/IR ATR-4X JASSCO Type A
SERIAL No:,A009662111
ACCESSORY:,ATR PRO 4x
LIGHT SOURCE:,DLATGS Standard
RESOLUTION:,4 cm-1
XUNITS/ HORIZONTAL AXIS:,Wavenumber [cm-1]
YUNITS/ VERTICAL AXIS:,Transmittance %T
FIRSTX:,399
FIRSTY:,0
LASTX:,4000
LASTY:,120
NPOINTS:,3751
399.1927,92.7946
400.1569,94.1499
401.1211,95.4371
402.0854,96.4878
403.0496,97.2823
404.0138,97.8662
404.9781,98.2894
405.9423,98.5754
406.9065,98.7237
407.8708,98.7357
408.8350,98.6435
409.7992,98.5151
410.7635,98.4257
411.7277,98.4077
412.6919,98.4171
413.6562,98.3493
414.6204,98.0934
415.5846,97.5893
416.5489,96.8781
417.5131,96.1425
418.4773,95.6701
419.4416,95.6602
420.4058,96.0416
421.3700,96.5685
422.3343,97.0471
423.2985,97.4171
424.2627,97.7023
425.2270,97.9428
426.1912,98.154
427.1554,98.323
428.1197,98.4298
429.0839,98.4691
430.0481,98.4561
431.0124,98.4176
431.9766,98.3838
432.9408,98.386
433.9051,98.4577
434.8693,98.6259
435.8335,98.8868
436.7978,99.1849
437.7620,99.4196
438.7262,99.4859
439.6905,99.3267
440.6547,98.9668
441.6189,98.5125
442.5832,98.1137
443.5474,97.8981
444.5116,97.9131
445.4759,98.1141
446.4401,98.4019
447.4043,98.675
448.3686,98.8634
449.3328,98.9366
450.2970,98.8971
451.2613,98.7651
452.2255,98.5628
453.1897,98.304
454.1540,97.9974
455.1182,97.6623
456.0824,97.349
457.0467,97.1436
458.0109,97.1354
458.9751,97.3594
459.9394,97.766
460.9036,98.2526
461.8678,98.7209
462.8321,99.112
463.7963,99.4077
464.7605,99.614
465.7248,99.7404
466.6890,99.7874
467.6532,99.7489
468.6175,99.6288
469.5817,99.4595
470.5459,99.3082
471.5102,99.256
472.4744,99.3536
473.4386,99.5831
474.4029,99.8654
475.3671,100.113
476.3313,100.278
477.2956,100.369
478.2598,100.422
479.2240,100.47
480.1883,100.514
481.1525,100.528
482.1167,100.493
483.0810,100.416
484.0452,100.342
485.0094,100.317
485.9737,100.355
486.9379,100.425
487.9021,100.478
488.8664,100.478
489.8306,100.431
490.7948,100.379
491.7591,100.371
492.7233,100.437
493.6875,100.568
494.6518,100.725
495.6160,100.855
496.5802,100.914
497.5445,100.875
498.5087,100.732
499.4729,100.509
500.4372,100.251
501.4014,100.022
502.3656,99.8727
503.3299,99.8233
504.2941,99.8551
505.2583,99.9298
506.2226,100.016
507.1868,100.106
508.1510,100.211
509.1153,100.344
510.0795,100.5
511.0437,100.647
512.0080,100.733
512.9722,100.709
513.9365,100.546
514.9007,100.255
515.8649,99.8984
516.8292,99.5714
517.7934,99.3715
518.7576,99.3498
519.7219,99.4822
520.6861,99.6861
521.6503,99.8688
522.6146,99.9736
523.5788,99.9995
524.5430,99.9914
525.5073,100.009
526.4715,100.089
527.4357,100.218
528.4000,100.348
529.3642,100.428
530.3284,100.431
531.2927,100.363
532.2569,100.255
533.2211,100.145
534.1854,100.063
535.1496,100.022
536.1138,100.025
537.0781,100.061
538.0423,100.122
539.0065,100.195
539.9708,100.267
540.9350,100.326
541.8992,100.36
542.8635,100.363
543.8277,100.335
544.7919,100.285
545.7562,100.228
546.7204,100.18
547.6846,100.155
548.6489,100.163
549.6131,100.203
550.5773,100.27
551.5416,100.356
552.5058,100.451
553.4700,100.545
554.4343,100.635
555.3985,100.722
556.3627,100.81
557.3270,100.901
558.2912,100.992
559.2554,101.072
560.2197,101.129
561.1839,101.15
562.1481,101.131
563.1124,101.076
564.0766,100.99
565.0408,100.886
566.0051,100.779
566.9693,100.689
567.9335,100.635
568.8978,100.626
569.8620,100.65
570.8262,100.682
571.7905,100.691
572.7547,100.656
573.7189,100.578
574.6832,100.478
575.6474,100.381
576.6116,100.307
577.5759,100.26
578.5401,100.234
579.5043,100.219
580.4686,100.215
581.4328,100.226
582.3970,100.259
583.3613,100.316
584.3255,100.39
585.2897,100.464
586.2540,100.52
587.2182,100.538
588.1824,100.512
589.1467,100.448
590.1109,100.368
591.0751,100.303
592.0394,100.278
593.0036,100.301
593.9678,100.359
594.9321,100.424
595.8963,100.471
596.8605,100.489
597.8248,100.483
598.7890,100.471
599.7532,100.467
600.7175,100.479
601.6817,100.507
602.6459,100.544
603.6102,100.585
604.5744,100.622
605.5386,100.651
606.5029,100.666
607.4671,100.668
608.4313,100.664
609.3956,100.661
610.3598,100.663
611.3240,100.658
612.2883,100.624
613.2525,100.539
614.2167,100.399
615.1810,100.228
616.1452,100.079
617.1094,100.008
618.0737,100.044
619.0379,100.172
620.0021,100.339
620.9664,100.486
621.9306,100.574
622.8948,100.594
623.8591,100.567
624.8233,100.527
625.7875,100.499
626.7518,100.492
627.7160,100.498
628.6802,100.498
629.6445,100.478
630.6087,100.433
631.5729,100.365
632.5372,100.284
633.5014,100.2
634.4656,100.119
635.4299,100.043
636.3941,99.9669
637.3583,99.8897
638.3226,99.8117
639.2868,99.7374
640.2510,99.6722
641.2153,99.6173
642.1795,99.5675
643.1437,99.5132
644.1080,99.445
645.0722,99.3591
646.0364,99.2605
647.0007,99.1622
647.9649,99.0808
648.9291,99.0298
649.8934,99.0126
650.8576,99.0203
651.8218,99.0364
652.7861,99.0467
653.7503,99.0476
654.7145,99.0476
655.6788,99.06
656.6430,99.0928
657.6072,99.1449
658.5715,99.2122
659.5357,99.2964
660.4999,99.404
661.4642,99.5307
662.4284,99.644
663.3926,99.6797
664.3569,99.5491
665.3211,99.1507
666.2853,98.4119
667.2496,97.4218
668.2138,96.5882
669.1780,96.398
670.1423,96.8529
671.1065,97.5547
672.0707,98.1783
673.0350,98.5967
673.9992,98.8032
674.9634,98.8498
675.9277,98.8142
676.8919,98.7678
677.8561,98.7471
678.8204,98.7534
679.7846,98.7744
680.7488,98.8035
681.7131,98.8421
682.6773,98.8897
683.6415,98.9367
684.6058,98.9683
685.5700,98.9745
686.5342,98.9595
687.4985,98.9409
688.4627,98.9413
689.4269,98.9769
690.3912,99.0507
691.3554,99.1525
692.3196,99.2655
693.2839,99.3738
694.2481,99.4693
695.2123,99.5537
696.1766,99.635
697.1408,99.7219
698.1050,99.8177
699.0693,99.9185
700.0335,100.015
700.9977,100.098
701.9620,100.164
702.9262,100.214
703.8904,100.257
704.8547,100.303
705.8189,100.359
706.7831,100.429
707.7474,100.507
708.7116,100.585
709.6758,100.652
710.6401,100.705
711.6043,100.744
712.5685,100.773
713.5328,100.789
714.4970,100.777
715.4612,100.718
716.4255,100.6
717.3897,100.434
718.3539,100.26
719.3182,100.137
720.2824,100.113
721.2466,100.201
722.2109,100.367
723.1751,100.552
724.1393,100.705
725.1036,100.799
726.0678,100.838
727.0320,100.843
727.9963,100.837
728.9605,100.835
729.9247,100.842
730.8890,100.857
731.8532,100.876
732.8174,100.898
733.7817,100.921
734.7459,100.94
735.7101,100.951
736.6744,100.954
737.6386,100.95
738.6028,100.942
739.5671,100.939
740.5313,100.944
741.4955,100.961
742.4598,100.992
743.4240,101.033
744.3882,101.078
745.3525,101.122
746.3167,101.157
747.2809,101.179
748.2452,101.189
749.2094,101.189
750.1736,101.184
751.1379,101.18
752.1021,101.181
753.0663,101.187
754.0306,101.199
754.9948,101.216
755.9590,101.234
756.9233,101.251
757.8875,101.264
758.8517,101.271
759.8160,101.272
760.7802,101.268
761.7444,101.262
762.7087,101.255
763.6729,101.248
764.6371,101.24
765.6014,101.231
766.5656,101.222
767.5298,101.217
768.4941,101.216
769.4583,101.22
770.4225,101.228
771.3868,101.236
772.3510,101.241
773.3152,101.242
774.2795,101.24
775.2437,101.236
776.2079,101.231
777.1722,101.226
778.1364,101.221
779.1006,101.216
780.0649,101.212
781.0291,101.208
781.9933,101.203
782.9576,101.196
783.9218,101.187
784.8860,101.177
785.8503,101.167
786.8145,101.158
787.7787,101.15
788.7430,101.139
789.7072,101.126
790.6714,101.109
791.6357,101.088
792.5999,101.062
793.5641,101.031
794.5284,100.994
795.4926,100.951
796.4568,100.904
797.4211,100.851
798.3853,100.794
799.3495,100.727
800.3138,100.646
801.2780,100.542
802.2422,100.408
803.2065,100.24
804.1707,100.042
805.1349,99.8281
806.0992,99.6206
807.0634,99.4491
808.0276,99.3414
808.9919,99.3171
809.9561,99.3819
810.9203,99.5266
811.8846,99.7304
812.8488,99.9663
813.8130,100.207
814.7773,100.432
815.7415,100.626
816.7057,100.782
817.6700,100.902
818.6342,100.988
819.5984,101.048
820.5627,101.088
821.5269,101.114
822.4911,101.131
823.4554,101.137
824.4196,101.128
825.3839,101.101
826.3481,101.055
827.3123,100.993
828.2766,100.918
829.2408,100.833
830.2050,100.739
831.1693,100.637
832.1335,100.533
833.0977,100.426
834.0620,100.295
835.0262,100.09
835.9904,99.7426
836.9547,99.1956
837.9189,98.4561
838.8831,97.6238
839.8474,96.879
840.8116,96.4215
841.7758,96.3882
842.7401,96.792
843.7043,97.5171
844.6685,98.3722
845.6328,99.1714
846.5970,99.7976
847.5612,100.222
848.5255,100.482
849.4897,100.637
850.4539,100.733
851.4182,100.797
852.3824,100.838
853.3466,100.861
854.3109,100.875
855.2751,100.889
856.2393,100.91
857.2036,100.94
858.1678,100.98
859.1320,101.027
860.0963,101.08
861.0605,101.135
862.0247,101.192
862.9890,101.247
863.9532,101.298
864.9174,101.345
865.8817,101.387
866.8459,101.422
867.8101,101.45
868.7744,101.472
869.7386,101.489
870.7028,101.505
871.6671,101.522
872.6313,101.54
873.5955,101.56
874.5598,101.582
875.5240,101.605
876.4882,101.63
877.4525,101.659
878.4167,101.689
879.3809,101.717
880.3452,101.742
881.3094,101.757
882.2736,101.76
883.2379,101.751
884.2021,101.731
885.1663,101.703
886.1306,101.673
887.0948,101.642
888.0590,101.612
889.0233,101.577
889.9875,101.531
890.9517,101.464
891.9160,101.364
892.8802,101.222
893.8444,101.032
894.8087,100.801
895.7729,100.544
896.7371,100.293
897.7014,100.086
898.6656,99.9602
899.6298,99.9395
900.5941,100.029
901.5583,100.212
902.5225,100.454
903.4868,100.717
904.4510,100.963
905.4152,101.169
906.3795,101.326
907.3437,101.439
908.3079,101.518
909.2722,101.575
910.2364,101.62
911.2007,101.655
912.1649,101.681
913.1292,101.697
914.0934,101.705
915.0576,101.708
916.0219,101.71
916.9861,101.712
917.9503,101.714
918.9146,101.717
919.8788,101.72
920.8430,101.724
921.8073,101.73
922.7715,101.736
923.7357,101.74
924.7000,101.739
925.6642,101.733
926.6284,101.724
927.5927,101.715
928.5569,101.71
929.5211,101.71
930.4854,101.714
931.4496,101.718
932.4138,101.717
933.3781,101.705
934.3423,101.681
935.3065,101.642
936.2708,101.594
937.2350,101.543
938.1992,101.499
939.1635,101.472
940.1277,101.469
941.0919,101.494
942.0562,101.542
943.0204,101.606
943.9846,101.675
944.9489,101.739
945.9131,101.789
946.8773,101.823
947.8416,101.841
948.8058,101.847
949.7700,101.847
950.7343,101.847
951.6985,101.848
952.6627,101.851
953.6270,101.853
954.5912,101.85
955.5554,101.839
956.5197,101.816
957.4839,101.78
958.4481,101.73
959.4124,101.662
960.3766,101.574
961.3408,101.461
962.3051,101.319
963.2693,101.145
964.2335,100.928
965.1978,100.646
966.1620,100.264
967.1262,99.7395
968.0905,99.0498
969.0547,98.2156
970.0189,97.3174
970.9832,96.4881
971.9474,95.8793
972.9116,95.6146
973.8759,95.7498
974.8401,96.2565
975.8043,97.0365
976.7686,97.9568
977.7328,98.8882
978.6970,99.7329
979.6613,100.435
980.6255,100.977
981.5897,101.365
982.5540,101.621
983.5182,101.769
984.4824,101.831
985.4467,101.824
986.4109,101.759
987.3751,101.641
988.3394,101.471
989.3036,101.241
990.2678,100.931
991.2321,100.514
992.1963,99.9627
993.1605,99.277
994.1248,98.499
995.0890,97.7219
996.0532,97.0739
997.0175,96.6817
997.9817,96.6273
998.9459,96.9187
999.9102,97.4875
1000.8744,98.2147
1001.8386,98.9721
1002.8029,99.6595
1003.7671,100.223
1004.7313,100.655
1005.6956,100.971
1006.6598,101.199
1007.6240,101.363
1008.5883,101.481
1009.5525,101.563
1010.5167,101.62
1011.4810,101.66
1012.4452,101.687
1013.4094,101.705
1014.3737,101.715
1015.3379,101.717
1016.3021,101.71
1017.2664,101.696
1018.2306,101.677
1019.1948,101.658
1020.1591,101.641
1021.1233,101.625
1022.0875,101.606
1023.0518,101.579
1024.0160,101.538
1024.9802,101.481
1025.9445,101.408
1026.9087,101.325
1027.8729,101.239
1028.8372,101.154
1029.8014,101.075
1030.7656,101
1031.7299,100.928
1032.6941,100.855
1033.6583,100.778
1034.6226,100.696
1035.5868,100.613
1036.5510,100.529
1037.5153,100.448
1038.4795,100.37
1039.4437,100.293
1040.4080,100.217
1041.3722,100.141
1042.3364,100.073
1043.3007,100.021
1044.2649,99.9966
1045.2291,100.009
1046.1934,100.058
1047.1576,100.14
1048.1218,100.243
1049.0861,100.355
1050.0503,100.466
1051.0145,100.569
1051.9788,100.662
1052.9430,100.746
1053.9072,100.821
1054.8715,100.888
1055.8357,100.947
1056.7999,101.001
1057.7642,101.051
1058.7284,101.098
1059.6926,101.144
1060.6569,101.19
1061.6211,101.236
1062.5853,101.281
1063.5496,101.327
1064.5138,101.373
1065.4780,101.42
1066.4423,101.465
1067.4065,101.506
1068.3707,101.54
1069.3350,101.566
1070.2992,101.585
1071.2634,101.598
1072.2277,101.609
1073.1919,101.619
1074.1561,101.631
1075.1204,101.644
1076.0846,101.658
1077.0488,101.674
1078.0131,101.692
1078.9773,101.711
1079.9415,101.728
1080.9058,101.741
1081.8700,101.75
1082.8342,101.758
1083.7985,101.766
1084.7627,101.775
1085.7269,101.783
1086.6912,101.785
1087.6554,101.779
1088.6196,101.764
1089.5839,101.743
1090.5481,101.722
1091.5123,101.702
1092.4766,101.684
1093.4408,101.662
1094.4050,101.63
1095.3693,101.58
1096.3335,101.511
1097.2977,101.424
1098.2620,101.323
1099.2262,101.215
1100.1904,101.111
1101.1547,101.024
1102.1189,100.964
1103.0831,100.939
1104.0474,100.95
1105.0116,100.992
1105.9758,101.056
1106.9401,101.128
1107.9043,101.197
1108.8685,101.253
1109.8328,101.291
1110.7970,101.307
1111.7612,101.304
1112.7255,101.282
1113.6897,101.248
1114.6539,101.206
1115.6182,101.161
1116.5824,101.118
1117.5466,101.079
1118.5109,101.045
1119.4751,101.018
1120.4393,100.998
1121.4036,100.986
1122.3678,100.984
1123.3320,100.991
1124.2963,101.008
1125.2605,101.032
1126.2247,101.06
1127.1890,101.089
1128.1532,101.118
1129.1174,101.146
1130.0817,101.173
1131.0459,101.2
1132.0101,101.224
1132.9744,101.244
1133.9386,101.258
1134.9028,101.263
1135.8671,101.26
1136.8313,101.246
1137.7955,101.221
1138.7598,101.182
1139.7240,101.126
1140.6882,101.052
1141.6525,100.962
1142.6167,100.857
1143.5809,100.742
1144.5452,100.616
1145.5094,100.478
1146.4736,100.326
1147.4379,100.16
1148.4021,99.9814
1149.3663,99.8006
1150.3306,99.6286
1151.2948,99.4759
1152.2590,99.3485
1153.2233,99.2453
1154.1875,99.1596
1155.1517,99.0811
1156.1160,98.9995
1157.0802,98.9058
1158.0444,98.7931
1159.0087,98.6553
1159.9729,98.4858
1160.9371,98.2771
1161.9014,98.023
1162.8656,97.7241
1163.8298,97.3934
1164.7941,97.0613
1165.7583,96.7749
1166.7225,96.5898
1167.6868,96.5559
1168.6510,96.7028
1169.6152,97.0289
1170.5795,97.501
1171.5437,98.063
1172.5079,98.6506
1173.4722,99.2065
1174.4364,99.6917
1175.4006,100.089
1176.3649,100.4
1177.3291,100.639
1178.2933,100.823
1179.2576,100.966
1180.2218,101.078
1181.1860,101.161
1182.1503,101.22
1183.1145,101.257
1184.0787,101.279
1185.0430,101.294
1186.0072,101.31
1186.9714,101.33
1187.9357,101.353
1188.8999,101.378
1189.8641,101.401
1190.8284,101.418
1191.7926,101.427
1192.7568,101.428
1193.7211,101.421
1194.6853,101.408
1195.6495,101.391
1196.6138,101.376
1197.5780,101.366
1198.5422,101.363
1199.5065,101.366
1200.4707,101.372
1201.4349,101.378
1202.3992,101.383
1203.3634,101.387
1204.3276,101.39
1205.2919,101.389
1206.2561,101.382
1207.2203,101.365
1208.1846,101.336
1209.1488,101.295
1210.1130,101.246
1211.0773,101.195
1212.0415,101.146
1213.0057,101.1
1213.9700,101.057
1214.9342,101.016
1215.8984,100.976
1216.8627,100.941
1217.8269,100.914
1218.7911,100.899
1219.7554,100.896
1220.7196,100.904
1221.6838,100.918
1222.6481,100.934
1223.6123,100.95
1224.5765,100.966
1225.5408,100.982
1226.5050,100.998
1227.4692,101.014
1228.4335,101.027
1229.3977,101.039
1230.3619,101.049
1231.3262,101.057
1232.2904,101.064
1233.2546,101.069
1234.2189,101.074
1235.1831,101.076
1236.1473,101.075
1237.1116,101.068
1238.0758,101.054
1239.0400,101.03
1240.0043,100.995
1240.9685,100.952
1241.9327,100.906
1242.8970,100.86
1243.8612,100.818
1244.8254,100.782
1245.7897,100.751
1246.7539,100.72
1247.7181,100.684
1248.6824,100.633
1249.6466,100.56
1250.6108,100.458
1251.5751,100.33
1252.5393,100.187
1253.5035,100.051
1254.4678,99.9464
1255.4320,99.8915
1256.3962,99.8951
1257.3605,99.9533
1258.3247,100.053
1259.2889,100.177
1260.2532,100.308
1261.2174,100.43
1262.1816,100.534
1263.1459,100.611
1264.1101,100.661
1265.0743,100.685
1266.0386,100.688
1267.0028,100.675
1267.9670,100.656
1268.9313,100.638
1269.8955,100.63
1270.8597,100.64
1271.8240,100.67
1272.7882,100.717
1273.7524,100.77
1274.7167,100.819
1275.6809,100.855
1276.6451,100.873
1277.6094,100.877
1278.5736,100.873
1279.5378,100.87
1280.5021,100.87
1281.4663,100.868
1282.4305,100.857
1283.3948,100.828
1284.3590,100.778
1285.3232,100.709
1286.2875,100.631
1287.2517,100.557
1288.2159,100.497
1289.1802,100.454
1290.1444,100.423
1291.1086,100.392
1292.0729,100.352
1293.0371,100.3
1294.0013,100.242
1294.9656,100.189
1295.9298,100.153
1296.8940,100.135
1297.8583,100.125
1298.8225,100.106
1299.7867,100.06
1300.7510,99.9781
1301.7152,99.8709
1302.6794,99.7652
1303.6437,99.6971
1304.6079,99.6979
1305.5721,99.7799
1306.5364,99.9285
1307.5006,100.106
1308.4648,100.267
1309.4291,100.377
1310.3933,100.424
1311.3575,100.418
1312.3218,100.38
1313.2860,100.328
1314.2502,100.267
1315.2145,100.198
1316.1787,100.119
1317.1429,100.046
1318.1072,99.9999
1319.0714,100.002
1320.0356,100.057
1320.9999,100.146
1321.9641,100.242
1322.9283,100.313
1323.8926,100.344
1324.8568,100.335
1325.8210,100.297
1326.7853,100.244
1327.7495,100.191
1328.7137,100.15
1329.6780,100.127
1330.6422,100.127
1331.6064,100.141
1332.5707,100.142
1333.5349,100.093
1334.4991,99.9573
1335.4634,99.721
1336.4276,99.4115
1337.3918,99.1041
1338.3561,98.9017
1339.3203,98.8862
1340.2845,99.0663
1341.2488,99.3689
1342.2130,99.6809
1343.1772,99.9051
1344.1415,99.9913
1345.1057,99.9388
1346.0699,99.7811
1347.0342,99.564
1347.9984,99.3248
1348.9626,99.0792
1349.9269,98.8198
1350.8911,98.526
1351.8553,98.1779
1352.8196,97.7692
1353.7838,97.3139
1354.7480,96.8427
1355.7123,96.39
1356.6765,95.9781
1357.6407,95.6122
1358.6050,95.2912
1359.5692,95.0282
1360.5334,94.8623
1361.4977,94.8434
1362.4619,94.987
1363.4261,95.2333
1364.3904,95.4544
1365.3546,95.505
1366.3188,95.269
1367.2831,94.6763
1368.2473,93.6949
1369.2115,92.3114
1370.1758,90.5131
1371.1400,88.2987
1372.1042,85.7362
1373.0685,83.0514
1374.0327,80.6619
1374.9969,79.0641
1375.9612,78.6089
1376.9254,79.357
1377.8896,81.1215
1378.8539,83.5928
1379.8181,86.4191
1380.7823,89.2444
1381.7466,91.76
1382.7108,93.773
1383.6750,95.2387
1384.6393,96.2365
1385.6035,96.9147
1386.5677,97.429
1387.5320,97.8842
1388.4962,98.3008
1389.4604,98.6344
1390.4247,98.8275
1391.3889,98.8492
1392.3531,98.7098
1393.3174,98.4635
1394.2816,98.2001
1395.2458,98.0191
1396.2101,97.9916
1397.1743,98.1342
1398.1385,98.4092
1399.1028,98.7428
1400.0670,99.0507
1401.0313,99.2643
1401.9955,99.3532
1402.9597,99.3346
1403.9240,99.2652
1404.8882,99.2132
1405.8524,99.2193
1406.8167,99.2744
1407.7809,99.3354
1408.7451,99.3656
1409.7094,99.3597
1410.6736,99.3364
1411.6378,99.3079
1412.6021,99.2538
1413.5663,99.1242
1414.5305,98.8721
1415.4948,98.4903
1416.4590,98.0383
1417.4232,97.6438
1418.3875,97.4493
1419.3517,97.5069
1420.3159,97.7324
1421.2802,97.9895
1422.2444,98.1929
1423.2086,98.3297
1424.1729,98.421
1425.1371,98.4815
1426.1013,98.5005
1427.0656,98.4497
1428.0298,98.3021
1428.9940,98.0462
1429.9583,97.6868
1430.9225,97.2327
1431.8867,96.686
1432.8510,96.049
1433.8152,95.3522
1434.7794,94.6887
1435.7437,94.2173
1436.7079,94.0754
1437.6721,94.2443
1438.6364,94.538
1439.6006,94.744
1440.5648,94.731
1441.5291,94.452
1442.4933,93.9081
1443.4575,93.1228
1444.4218,92.1324
1445.3860,90.9886
1446.3502,89.7662
1447.3145,88.5654
1448.2787,87.4914
1449.2429,86.6088
1450.2072,85.9068
1451.1714,85.3119
1452.1356,84.7355
1453.0999,84.1188
1454.0641,83.467
1455.0283,82.8941
1455.9926,82.6524
1456.9568,83.0003
1457.9210,83.8815
1458.8853,84.9052
1459.8495,85.7425
1460.8137,86.3217
1461.7780,86.7416
1462.7422,87.1758
1463.7064,87.8118
1464.6707,88.7546
1465.6349,89.9252
1466.5991,91.1003
1467.5634,92.0806
1468.5276,92.7887
1469.4918,93.2512
1470.4561,93.5585
1471.4203,93.8496
1472.3845,94.2815
1473.3488,94.9431
1474.3130,95.7831
1475.2772,96.6611
1476.2415,97.4553
1477.2057,98.1065
1478.1699,98.6049
1479.1342,98.9714
1480.0984,99.2424
1481.0626,99.4541
1482.0269,99.6212
1482.9911,99.7233
1483.9553,99.7107
1484.9196,99.5296
1485.8838,99.1601
1486.8480,98.659
1487.8123,98.1921
1488.7765,97.9915
1489.7407,98.1926
1490.7050,98.6977
1491.6692,99.2596
1492.6334,99.6651
1493.5977,99.815
1494.5619,99.7119
1495.5261,99.4428
1496.4904,99.167
1497.4546,99.0594
1498.4188,99.1952
1499.3831,99.4927
1500.3473,99.7912
1501.3115,99.9511
1502.2758,99.8741
1503.2400,99.4754
1504.2042,98.6763
1505.1685,97.4864
1506.1327,96.207
1507.0969,95.4711
1508.0612,95.6701
1509.0254,96.513
1509.9896,97.4793
1510.9539,98.2511
1511.9181,98.7136
1512.8823,98.8552
1513.8466,98.7225
1514.8108,98.409
1515.7750,98.0316
1516.7393,97.6849
1517.7035,97.4063
1518.6677,97.1883
1519.6320,97.0221
1520.5962,96.9263
1521.5604,96.9334
1522.5247,97.0532
1523.4889,97.2629
1524.4531,97.5337
1525.4174,97.8506
1526.3816,98.1992
1527.3458,98.5418
1528.3101,98.8145
1529.2743,98.9529
1530.2385,98.9256
1531.2028,98.7567
1532.1670,98.5311
1533.1312,98.3586
1534.0955,98.2935
1535.0597,98.28
1536.0239,98.1888
1536.9882,97.8887
1537.9524,97.2969
1538.9166,96.4453
1539.8809,95.5948
1540.8451,95.1958
1541.8093,95.4682
1542.7736,96.177
1543.7378,96.9826
1544.7020,97.6978
1545.6663,98.2538
1546.6305,98.6272
1547.5947,98.8172
1548.5590,98.8496
1549.5232,98.7754
1550.4874,98.6541
1551.4517,98.5225
1552.4159,98.3702
1553.3801,98.1401
1554.3444,97.7545
1555.3086,97.1503
1556.2728,96.3325
1557.2371,95.4887
1558.2013,95.0704
1559.1655,95.4557
1560.1298,96.4138
1561.0940,97.4095
1562.0582,98.1557
1563.0225,98.6131
1563.9867,98.8212
1564.9509,98.8234
1565.9152,98.6633
1566.8794,98.4063
1567.8436,98.1539
1568.8079,98.0157
1569.7721,98.0381
1570.7363,98.1612
1571.7006,98.2646
1572.6648,98.2471
1573.6290,98.0747
1574.5933,97.8036
1575.5575,97.584
1576.5217,97.5865
1577.4860,97.8517
1578.4502,98.2498
1579.4144,98.6158
1580.3787,98.86
1581.3429,98.9731
1582.3071,98.9911
1583.2714,98.962
1584.2356,98.9213
1585.1998,98.8806
1586.1641,98.8358
1587.1283,98.7819
1588.0925,98.7215
1589.0568,98.6613
1590.0210,98.6042
1590.9852,98.5475
1591.9495,98.4898
1592.9137,98.4389
1593.8779,98.4121
1594.8422,98.4259
1595.8064,98.4818
1596.7706,98.5608
1597.7349,98.6322
1598.6991,98.6705
1599.6633,98.6692
1600.6276,98.643
1601.5918,98.6171
1602.5560,98.61
1603.5203,98.6203
1604.4845,98.6288
1605.4487,98.6173
1606.4130,98.5878
1607.3772,98.5702
1608.3414,98.6047
1609.3057,98.7076
1610.2699,98.8451
1611.2341,98.9442
1612.1984,98.9323
1613.1626,98.7733
1614.1268,98.4916
1615.0911,98.1854
1616.0553,97.999
1617.0195,98.0202
1617.9838,98.1912
1618.9480,98.3678
1619.9122,98.4431
1620.8765,98.3961
1621.8407,98.2779
1622.8049,98.1758
1623.7692,98.1625
1624.7334,98.2525
1625.6976,98.4092
1626.6619,98.5904
1627.6261,98.7742
1628.5903,98.9446
1629.5546,99.0671
1630.5188,99.0855
1631.4830,98.9405
1632.4473,98.5941
1633.4115,98.0644
1634.3757,97.4818
1635.3400,97.1018
1636.3042,97.1417
1637.2684,97.5588
1638.2327,98.1162
1639.1969,98.6077
1640.1611,98.9324
1641.1254,99.0529
1642.0896,98.9529
1643.0538,98.6277
1644.0181,98.1064
1644.9823,97.4994
1645.9465,97.0108
1646.9108,96.8159
1647.8750,96.8874
1648.8392,97.0234
1649.8035,97.0207
1650.7677,96.7792
1651.7319,96.3684
1652.6962,96.1067
1653.6604,96.3852
1654.6246,97.174
1655.5889,98.0654
1656.5531,98.7596
1657.5173,99.173
1658.4816,99.3234
1659.4458,99.2678
1660.4100,99.1009
1661.3743,98.9504
1662.3385,98.9184
1663.3027,99.0042
1664.2670,99.1075
1665.2312,99.1115
1666.1954,98.9519
1667.1597,98.6423
1668.1239,98.2791
1669.0881,98.0127
1670.0524,97.9561
1671.0166,98.0958
1671.9808,98.3236
1672.9451,98.5411
1673.9093,98.7158
1674.8735,98.8652
1675.8378,99.0073
1676.8020,99.1205
1677.7662,99.1481
1678.7305,99.0334
1679.6947,98.7443
1680.6589,98.286
1681.6232,97.7266
1682.5874,97.2393
1683.5516,97.0715
1684.5159,97.345
1685.4801,97.9101
1686.4443,98.5214
1687.4086,99.0465
1688.3728,99.4677
1689.3370,99.8016
1690.3013,100.047
1691.2655,100.172
1692.2297,100.13
1693.1940,99.8858
1694.1582,99.4411
1695.1224,98.8573
1696.0867,98.2566
1697.0509,97.7905
1698.0151,97.5842
1698.9794,97.6833
1699.9436,98.0245
1700.9078,98.4634
1701.8721,98.8594
1702.8363,99.1467
1703.8005,99.34
1704.7648,99.4993
1705.7290,99.6897
1706.6932,99.943
1707.6575,100.234
1708.6217,100.494
1709.5859,100.65
1710.5502,100.651
1711.5144,100.472
1712.4786,100.107
1713.4429,99.5775
1714.4071,98.9578
1715.3713,98.406
1716.3356,98.151
1717.2998,98.3532
1718.2640,98.9361
1719.2283,99.6417
1720.1925,100.248
1721.1567,100.674
1722.1210,100.936
1723.0852,101.086
1724.0494,101.167
1725.0137,101.193
1725.9779,101.147
1726.9421,100.998
1727.9064,100.727
1728.8706,100.334
1729.8348,99.8467
1730.7991,99.3214
1731.7633,98.8597
1732.7275,98.5992
1733.6918,98.6397
1734.6560,98.9368
1735.6202,99.32
1736.5845,99.6284
1737.5487,99.7899
1738.5129,99.8075
1739.4772,99.7274
1740.4414,99.6134
1741.4056,99.5212
1742.3699,99.4719
1743.3341,99.4462
1744.2983,99.4035
1745.2626,99.3083
1746.2268,99.1529
1747.1910,98.9775
1748.1553,98.8759
1749.1195,98.9634
1750.0837,99.2973
1751.0480,99.8164
1752.0122,100.376
1752.9764,100.845
1753.9407,101.161
1754.9049,101.328
1755.8691,101.389
1756.8334,101.394
1757.7976,101.381
1758.7618,101.371
1759.7261,101.383
1760.6903,101.44
1761.6545,101.561
1762.6188,101.733
1763.5830,101.906
1764.5472,102.017
1765.5115,102.012
1766.4757,101.874
1767.4399,101.615
1768.4042,101.276
1769.3684,100.919
1770.3326,100.626
1771.2969,100.488
1772.2611,100.565
1773.2253,100.842
1774.1896,101.223
1775.1538,101.59
1776.1180,101.858
1777.0823,101.998
1778.0465,102.026
1779.0107,101.99
1779.9750,101.949
1780.9392,101.946
1781.9034,101.994
1782.8677,102.084
1783.8319,102.197
1784.7961,102.309
1785.7604,102.385
1786.7246,102.384
1787.6888,102.271
1788.6531,102.031
1789.6173,101.693
1790.5815,101.34
1791.5458,101.095
1792.5100,101.056
1793.4742,101.217
1794.4385,101.472
1795.4027,101.706
1796.3669,101.848
1797.3312,101.883
1798.2954,101.841
1799.2596,101.779
1800.2239,101.763
1801.1881,101.839
1802.1523,102.003
1803.1166,102.214
1804.0808,102.411
1805.0450,102.541
1806.0093,102.575
1806.9735,102.515
1807.9377,102.395
1808.9020,102.272
1809.8662,102.208
1810.8304,102.24
1811.7947,102.362
1812.7589,102.53
1813.7231,102.687
1814.6874,102.797
1815.6516,102.851
1816.6158,102.863
1817.5801,102.857
1818.5443,102.841
1819.5085,102.802
1820.4728,102.718
1821.4370,102.579
1822.4012,102.399
1823.3655,102.214
1824.3297,102.058
1825.2939,101.941
1826.2582,101.847
1827.2224,101.762
1828.1866,101.7
1829.1509,101.707
1830.1151,101.825
1831.0793,102.044
1832.0436,102.298
1833.0078,102.504
1833.9720,102.619
1834.9363,102.646
1835.9005,102.63
1836.8647,102.619
1837.8290,102.627
1838.7932,102.624
1839.7574,102.555
1840.7217,102.382
1841.6859,102.108
1842.6501,101.798
1843.6144,101.562
1844.5786,101.496
1845.5428,101.617
1846.5071,101.862
1847.4713,102.145
1848.4355,102.405
1849.3998,102.619
1850.3640,102.784
1851.3282,102.905
1852.2925,102.988
1853.2567,103.036
1854.2209,103.051
1855.1852,103.037
1856.1494,102.997
1857.1136,102.941
1858.0779,102.883
1859.0421,102.84
1860.0063,102.823
1860.9706,102.826
1861.9348,102.819
1862.8990,102.756
1863.8633,102.594
1864.8275,102.32
1865.7917,101.967
1866.7560,101.627
1867.7202,101.425
1868.6844,101.456
1869.6487,101.714
1870.6129,102.096
1871.5771,102.474
1872.5414,102.76
1873.5056,102.928
1874.4698,102.993
1875.4341,102.997
1876.3983,102.978
1877.3625,102.963
1878.3268,102.956
1879.2910,102.948
1880.2552,102.931
1881.2195,102.909
1882.1837,102.887
1883.1479,102.872
1884.1122,102.855
1885.0764,102.82
1886.0406,102.753
1887.0049,102.657
1887.9691,102.557
1888.9333,102.489
1889.8976,102.474
1890.8618,102.503
1891.8260,102.546
1892.7903,102.572
1893.7545,102.573
1894.7188,102.572
1895.6830,102.596
1896.6472,102.662
1897.6115,102.758
1898.5757,102.854
1899.5399,102.923
1900.5042,102.956
1901.4684,102.961
1902.4326,102.952
1903.3969,102.93
1904.3611,102.885
1905.3253,102.803
1906.2896,102.684
1907.2538,102.555
1908.2180,102.461
1909.1823,102.44
1910.1465,102.506
1911.1107,102.626
1912.0750,102.74
1913.0392,102.792
1914.0034,102.753
1914.9677,102.636
1915.9319,102.486
1916.8961,102.356
1917.8604,102.28
1918.8246,102.253
1919.7888,102.245
1920.7531,102.237
1921.7173,102.236
1922.6815,102.27
1923.6458,102.364
1924.6100,102.511
1925.5742,102.673
1926.5385,102.802
1927.5027,102.867
1928.4669,102.87
1929.4312,102.835
1930.3954,102.792
1931.3596,102.761
1932.3239,102.749
1933.2881,102.757
1934.2523,102.785
1935.2166,102.826
1936.1808,102.858
1937.1450,102.849
1938.1093,102.763
1939.0735,102.586
1940.0377,102.343
1941.0020,102.097
1941.9662,101.926
1942.9304,101.894
1943.8947,102.008
1944.8589,102.223
1945.8231,102.467
1946.7874,102.673
1947.7516,102.801
1948.7158,102.845
1949.6801,102.819
1950.6443,102.757
1951.6085,102.689
1952.5728,102.636
1953.5370,102.6
1954.5012,102.567
1955.4655,102.519
1956.4297,102.44
1957.3939,102.334
1958.3582,102.222
1959.3224,102.136
1960.2866,102.097
1961.2509,102.103
1962.2151,102.123
1963.1793,102.119
1964.1436,102.064
1965.1078,101.961
1966.0720,101.842
1967.0363,101.748
1968.0005,101.712
1968.9647,101.735
1969.9290,101.791
1970.8932,101.847
1971.8574,101.875
1972.8217,101.86
1973.7859,101.806
1974.7501,101.728
1975.7144,101.65
1976.6786,101.604
1977.6428,101.617
1978.6071,101.697
1979.5713,101.833
1980.5355,101.991
1981.4998,102.134
1982.4640,102.227
1983.4282,102.251
1984.3925,102.199
1985.3567,102.083
1986.3209,101.925
1987.2852,101.759
1988.2494,101.622
1989.2136,101.548
1990.1779,101.566
1991.1421,101.685
1992.1063,101.89
1993.0706,102.141
1994.0348,102.386
1994.9990,102.576
1995.9633,102.677
1996.9275,102.676
1997.8917,102.582
1998.8560,102.425
1999.8202,102.247
2000.7844,102.092
2001.7487,101.991
2002.7129,101.95
2003.6771,101.953
2004.6414,101.967
2005.6056,101.958
2006.5698,101.91
2007.5341,101.835
2008.4983,101.767
2009.4625,101.738
2010.4268,101.759
2011.3910,101.813
2012.3552,101.861
2013.3195,101.867
2014.2837,101.807
2015.2479,101.683
2016.2122,101.516
2017.1764,101.335
2018.1406,101.17
2019.1049,101.043
2020.0691,100.974
2021.0333,100.978
2021.9976,101.058
2022.9618,101.199
2023.9260,101.372
2024.8903,101.54
2025.8545,101.681
2026.8187,101.793
2027.7830,101.888
2028.7472,101.974
2029.7114,102.034
2030.6757,102.031
2031.6399,101.936
2032.6041,101.751
2033.5684,101.522
2034.5326,101.321
2035.4968,101.206
2036.4611,101.2
2037.4253,101.285
2038.3895,101.425
2039.3538,101.588
2040.3180,101.752
2041.2822,101.903
2042.2465,102.027
2043.2107,102.107
2044.1749,102.133
2045.1392,102.109
2046.1034,102.058
2047.0676,102.012
2048.0320,101.998
2048.9961,102.026
2049.9604,102.088
2050.9246,102.166
2051.8889,102.247
2052.8530,102.322
2053.8174,102.388
2054.7815,102.443
2055.7458,102.489
2056.7100,102.526
2057.6743,102.558
2058.6384,102.586
2059.6028,102.608
2060.5669,102.616
2061.5313,102.604
2062.4954,102.569
2063.4597,102.519
2064.4238,102.469
2065.3882,102.434
2066.3523,102.425
2067.3167,102.441
2068.2808,102.479
2069.2451,102.531
2070.2092,102.59
2071.1736,102.649
2072.1377,102.7
2073.1021,102.734
2074.0662,102.745
2075.0305,102.735
2075.9946,102.709
2076.9590,102.675
2077.9231,102.64
2078.8875,102.611
2079.8516,102.589
2080.8159,102.58
2081.7800,102.587
2082.7444,102.614
2083.7085,102.656
2084.6729,102.703
2085.6370,102.74
2086.6013,102.76
2087.5654,102.762
2088.5298,102.757
2089.4939,102.759
2090.4583,102.776
2091.4224,102.808
2092.3867,102.842
2093.3508,102.862
2094.3152,102.856
2095.2793,102.823
2096.2437,102.773
2097.2078,102.722
2098.1721,102.686
2099.1362,102.671
2100.1006,102.677
2101.0647,102.702
2102.0291,102.741
2102.9932,102.788
2103.9575,102.839
2104.9216,102.885
2105.8860,102.92
2106.8501,102.934
2107.8145,102.925
2108.7786,102.891
2109.7429,102.839
2110.7070,102.777
2111.6714,102.718
2112.6355,102.675
2113.5999,102.656
2114.5640,102.663
2115.5283,102.688
2116.4924,102.723
2117.4568,102.755
2118.4209,102.778
2119.3853,102.793
2120.3494,102.801
2121.3137,102.806
2122.2778,102.81
2123.2422,102.811
2124.2063,102.808
2125.1707,102.801
2126.1348,102.791
2127.0991,102.779
2128.0632,102.763
2129.0276,102.74
2129.9917,102.705
2130.9561,102.662
2131.9202,102.617
2132.8845,102.58
2133.8486,102.558
2134.8130,102.546
2135.7771,102.529
2136.7415,102.489
2137.7056,102.416
2138.6699,102.312
2139.6340,102.2
2140.5984,102.103
2141.5625,102.041
2142.5269,102.018
2143.4910,102.023
2144.4553,102.039
2145.4194,102.051
2146.3838,102.051
2147.3479,102.038
2148.3123,102.015
2149.2764,101.981
2150.2407,101.937
2151.2048,101.883
2152.1692,101.826
2153.1333,101.769
2154.0977,101.707
2155.0618,101.62
2156.0261,101.487
2156.9902,101.293
2157.9546,101.053
2158.9187,100.819
2159.8831,100.657
2160.8472,100.608
2161.8115,100.675
2162.7756,100.825
2163.7400,101.013
2164.7041,101.195
2165.6685,101.341
2166.6326,101.441
2167.5969,101.497
2168.5610,101.522
2169.5254,101.526
2170.4895,101.507
2171.4539,101.462
2172.4180,101.391
2173.3823,101.307
2174.3464,101.239
2175.3108,101.213
2176.2749,101.243
2177.2393,101.314
2178.2034,101.399
2179.1677,101.471
2180.1318,101.519
2181.0962,101.552
2182.0603,101.59
2183.0247,101.642
2183.9888,101.698
2184.9531,101.733
2185.9172,101.722
2186.8816,101.655
2187.8457,101.546
2188.8101,101.427
2189.7742,101.341
2190.7385,101.319
2191.7026,101.38
2192.6670,101.516
2193.6311,101.703
2194.5955,101.904
2195.5596,102.076
2196.5239,102.187
2197.4880,102.216
2198.4524,102.164
2199.4165,102.055
2200.3809,101.924
2201.3450,101.812
2202.3093,101.746
2203.2734,101.731
2204.2378,101.752
2205.2019,101.785
2206.1663,101.811
2207.1304,101.831
2208.0947,101.861
2209.0588,101.918
2210.0232,102.007
2210.9873,102.114
2211.9517,102.213
2212.9158,102.278
2213.8801,102.3
2214.8442,102.287
2215.8086,102.255
2216.7727,102.216
2217.7371,102.176
2218.7012,102.135
2219.6655,102.098
2220.6296,102.078
2221.5940,102.09
2222.5581,102.141
2223.5225,102.22
2224.4866,102.305
2225.4509,102.369
2226.4150,102.399
2227.3794,102.398
2228.3435,102.384
2229.3079,102.371
2230.2720,102.366
2231.2363,102.364
2232.2004,102.352
2233.1648,102.323
2234.1289,102.282
2235.0933,102.241
2236.0574,102.214
2237.0217,102.21
2237.9858,102.228
2238.9502,102.259
2239.9143,102.296
2240.8787,102.333
2241.8428,102.367
2242.8071,102.392
2243.7712,102.404
2244.7356,102.395
2245.6997,102.362
2246.6641,102.311
2247.6282,102.254
2248.5925,102.204
2249.5566,102.173
2250.5210,102.159
2251.4851,102.158
2252.4495,102.161
2253.4136,102.166
2254.3779,102.175
2255.3420,102.191
2256.3064,102.212
2257.2705,102.229
2258.2349,102.229
2259.1990,102.206
2260.1633,102.165
2261.1274,102.119
2262.0918,102.081
2263.0559,102.059
2264.0203,102.048
2264.9844,102.04
2265.9487,102.029
2266.9128,102.018
2267.8772,102.016
2268.8413,102.029
2269.8057,102.057
2270.7698,102.089
2271.7341,102.114
2272.6982,102.122
2273.6626,102.113
2274.6267,102.094
2275.5911,102.078
2276.5552,102.075
2277.5195,102.087
2278.4836,102.111
2279.4480,102.133
2280.4121,102.139
2281.3765,102.117
2282.3406,102.065
2283.3049,101.986
2284.2690,101.891
2285.2334,101.788
2286.1975,101.683
2287.1619,101.573
2288.1260,101.452
2289.0903,101.314
2290.0544,101.156
2291.0188,100.98
2291.9829,100.792
2292.9473,100.602
2293.9114,100.415
2294.8757,100.231
2295.8398,100.048
2296.8042,99.8642
2297.7683,99.6785
2298.7327,99.4937
2299.6968,99.3121
2300.6611,99.1308
2301.6252,98.9397
2302.5896,98.7232
2303.5537,98.4657
2304.5181,98.1586
2305.4822,97.8046
2306.4465,97.4183
2307.4106,97.0229
2308.3750,96.6468
2309.3391,96.3179
2310.3035,96.0578
2311.2676,95.8747
2312.2319,95.7573
2313.1960,95.6733
2314.1604,95.578
2315.1245,95.4276
2316.0889,95.1926
2317.0530,94.8652
2318.0173,94.4596
2318.9814,94.0079
2319.9458,93.5539
2320.9099,93.143
2321.8743,92.8093
2322.8384,92.5634
2323.8027,92.3899
2324.7668,92.2559
2325.7312,92.1265
2326.6953,91.9786
2327.6597,91.8099
2328.6238,91.6414
2329.5881,91.5105
2330.5522,91.4509
2331.5166,91.4711
2332.4807,91.5456
2333.4451,91.6281
2334.4092,91.675
2335.3735,91.663
2336.3376,91.5918
2337.3020,91.4731
2338.2661,91.3164
2339.2305,91.1224
2340.1946,90.8971
2341.1589,90.6831
2342.1230,90.5814
2343.0874,90.7223
2344.0515,91.1684
2345.0159,91.8311
2345.9800,92.5128
2346.9443,93.0312
2347.9084,93.2875
2348.8728,93.2542
2349.8369,92.9406
2350.8013,92.3762
2351.7654,91.6139
2352.7297,90.7375
2353.6938,89.8501
2354.6582,89.0344
2355.6223,88.3224
2356.5867,87.712
2357.5508,87.2089
2358.5151,86.8422
2359.4792,86.642
2360.4436,86.6121
2361.4077,86.7303
2362.3721,86.9711
2363.3362,87.3209
2364.3005,87.7729
2365.2646,88.3149
2366.2290,88.9252
2367.1931,89.5806
2368.1575,90.2646
2369.1216,90.9691
2370.0859,91.6903
2371.0500,92.4246
2372.0144,93.1674
2372.9785,93.9132
2373.9429,94.6556
2374.9070,95.3858
2375.8713,96.0941
2376.8354,96.772
2377.7998,97.4164
2378.7639,98.0307
2379.7283,98.624
2380.6924,99.205
2381.6567,99.7771
2382.6208,100.335
2383.5852,100.863
2384.5493,101.345
2385.5137,101.763
2386.4778,102.105
2387.4421,102.371
2388.4063,102.565
2389.3706,102.698
2390.3347,102.786
2391.2991,102.842
2392.2632,102.878
2393.2275,102.903
2394.1917,102.922
2395.1560,102.935
2396.1201,102.942
2397.0845,102.94
2398.0486,102.933
2399.0129,102.922
2399.9771,102.913
2400.9414,102.908
2401.9055,102.906
2402.8699,102.904
2403.8340,102.898
2404.7983,102.887
2405.7625,102.871
2406.7268,102.856
2407.6909,102.847
2408.6553,102.845
2409.6194,102.85
2410.5837,102.858
2411.5479,102.864
2412.5122,102.863
2413.4763,102.856
2414.4407,102.847
2415.4048,102.839
2416.3691,102.836
2417.3333,102.837
2418.2976,102.84
2419.2617,102.841
2420.2261,102.839
2421.1902,102.835
2422.1545,102.831
2423.1187,102.828
2424.0830,102.827
2425.0471,102.824
2426.0115,102.82
2426.9756,102.813
2427.9399,102.807
2428.9041,102.803
2429.8684,102.802
2430.8325,102.804
2431.7969,102.806
2432.7610,102.806
2433.7253,102.803
2434.6895,102.798
2435.6538,102.794
2436.6179,102.797
2437.5823,102.805
2438.5464,102.817
2439.5107,102.828
2440.4749,102.832
2441.4392,102.828
2442.4033,102.821
2443.3677,102.815
2444.3318,102.814
2445.2961,102.818
2446.2603,102.822
2447.2246,102.821
2448.1887,102.811
2449.1531,102.795
2450.1172,102.776
2451.0815,102.761
2452.0457,102.754
2453.0100,102.755
2453.9741,102.764
2454.9385,102.779
2455.9026,102.795
2456.8669,102.811
2457.8311,102.822
2458.7954,102.826
2459.7595,102.824
2460.7239,102.817
2461.6880,102.81
2462.6523,102.806
2463.6165,102.805
2464.5808,102.807
2465.5449,102.813
2466.5093,102.822
2467.4734,102.832
2468.4377,102.842
2469.4019,102.849
2470.3662,102.851
2471.3303,102.845
2472.2947,102.833
2473.2588,102.819
2474.2231,102.81
2475.1873,102.806
2476.1516,102.807
2477.1157,102.807
2478.0801,102.801
2479.0442,102.787
2480.0085,102.77
2480.9727,102.758
2481.9370,102.758
2482.9011,102.769
2483.8655,102.785
2484.8296,102.793
2485.7939,102.788
2486.7581,102.77
2487.7224,102.746
2488.6865,102.728
2489.6509,102.72
2490.6150,102.723
2491.5793,102.729
2492.5435,102.734
2493.5078,102.733
2494.4719,102.728
2495.4363,102.723
2496.4004,102.717
2497.3647,102.711
2498.3289,102.704
2499.2932,102.697
2500.2573,102.694
2501.2217,102.701
2502.1858,102.721
2503.1501,102.751
2504.1143,102.781
2505.0786,102.801
2506.0427,102.805
2507.0071,102.793
2507.9712,102.771
2508.9355,102.745
2509.8997,102.722
2510.8640,102.702
2511.8281,102.686
2512.7925,102.674
2513.7566,102.668
2514.7209,102.673
2515.6851,102.689
2516.6494,102.712
2517.6135,102.734
2518.5779,102.75
2519.5420,102.753
2520.5063,102.743
2521.4705,102.723
2522.4348,102.699
2523.3989,102.675
2524.3633,102.653
2525.3274,102.634
2526.2917,102.619
2527.2559,102.608
2528.2202,102.601
2529.1843,102.601
2530.1487,102.607
2531.1128,102.616
2532.0771,102.625
2533.0413,102.631
2534.0056,102.634
2534.9697,102.636
2535.9341,102.639
2536.8982,102.643
2537.8625,102.648
2538.8267,102.649
2539.7910,102.643
2540.7551,102.629
2541.7195,102.611
2542.6836,102.596
2543.6479,102.587
2544.6121,102.584
2545.5764,102.585
2546.5405,102.586
2547.5049,102.585
2548.4690,102.582
2549.4333,102.579
2550.3975,102.575
2551.3618,102.571
2552.3259,102.566
2553.2903,102.562
2554.2544,102.561
2555.2188,102.563
2556.1829,102.568
2557.1472,102.572
2558.1113,102.573
2559.0757,102.568
2560.0398,102.559
2561.0042,102.548
2561.9683,102.537
2562.9326,102.527
2563.8967,102.516
2564.8611,102.505
2565.8252,102.494
2566.7896,102.483
2567.7537,102.474
2568.7180,102.467
2569.6821,102.46
2570.6465,102.453
2571.6106,102.446
2572.5750,102.438
2573.5391,102.426
2574.5034,102.408
2575.4675,102.383
2576.4319,102.352
2577.3960,102.321
2578.3604,102.299
2579.3245,102.289
2580.2888,102.292
2581.2529,102.305
2582.2173,102.319
2583.1814,102.332
2584.1458,102.341
2585.1099,102.35
2586.0742,102.361
2587.0383,102.378
2588.0027,102.399
2588.9668,102.421
2589.9312,102.439
2590.8953,102.451
2591.8596,102.457
2592.8237,102.458
2593.7881,102.457
2594.7522,102.458
2595.7166,102.463
2596.6807,102.471
2597.6450,102.48
2598.6091,102.487
2599.5735,102.487
2600.5376,102.478
2601.5020,102.462
2602.4661,102.444
2603.4304,102.429
2604.3945,102.421
2605.3589,102.42
2606.3230,102.419
2607.2874,102.414
2608.2515,102.402
2609.2158,102.385
2610.1799,102.369
2611.1443,102.358
2612.1084,102.356
2613.0728,102.361
2614.0369,102.367
2615.0012,102.37
2615.9653,102.368
2616.9297,102.362
2617.8938,102.354
2618.8582,102.347
2619.8223,102.344
2620.7866,102.344
2621.7507,102.346
2622.7151,102.348
2623.6792,102.348
2624.6436,102.347
2625.6077,102.345
2626.5720,102.347
2627.5361,102.353
2628.5005,102.365
2629.4646,102.38
2630.4290,102.397
2631.3931,102.41
2632.3574,102.419
2633.3215,102.421
2634.2859,102.419
2635.2500,102.412
2636.2144,102.403
2637.1785,102.393
2638.1428,102.382
2639.1069,102.371
2640.0713,102.361
2641.0354,102.352
2641.9998,102.346
2642.9639,102.343
2643.9282,102.343
2644.8923,102.343
2645.8567,102.343
2646.8208,102.341
2647.7852,102.337
2648.7493,102.334
2649.7136,102.33
2650.6777,102.327
2651.6421,102.322
2652.6062,102.313
2653.5706,102.301
2654.5347,102.287
2655.4990,102.274
2656.4631,102.263
2657.4275,102.258
2658.3916,102.259
2659.3560,102.265
2660.3201,102.275
2661.2844,102.286
2662.2485,102.297
2663.2129,102.305
2664.1770,102.311
2665.1414,102.314
2666.1055,102.316
2667.0698,102.316
2668.0339,102.312
2668.9983,102.306
2669.9624,102.298
2670.9268,102.289
2671.8909,102.282
2672.8552,102.278
2673.8193,102.276
2674.7837,102.277
2675.7478,102.277
2676.7122,102.277
2677.6763,102.277
2678.6406,102.276
2679.6047,102.274
2680.5691,102.272
2681.5332,102.27
2682.4976,102.269
2683.4617,102.269
2684.4260,102.27
2685.3901,102.27
2686.3545,102.269
2687.3186,102.265
2688.2830,102.261
2689.2471,102.26
2690.2114,102.264
2691.1755,102.274
2692.1399,102.286
2693.1040,102.295
2694.0684,102.298
2695.0325,102.293
2695.9968,102.282
2696.9609,102.266
2697.9253,102.251
2698.8894,102.238
2699.8538,102.226
2700.8179,102.215
2701.7822,102.202
2702.7463,102.188
2703.7107,102.174
2704.6748,102.159
2705.6392,102.144
2706.6033,102.129
2707.5676,102.111
2708.5317,102.089
2709.4961,102.065
2710.4602,102.039
2711.4246,102.011
2712.3887,101.982
2713.3530,101.951
2714.3171,101.916
2715.2815,101.877
2716.2456,101.833
2717.2100,101.785
2718.1741,101.735
2719.1384,101.687
2720.1025,101.646
2721.0669,101.616
2722.0310,101.601
2722.9954,101.603
2723.9595,101.622
2724.9238,101.656
2725.8879,101.7
2726.8523,101.748
2727.8164,101.794
2728.7808,101.832
2729.7449,101.861
2730.7092,101.881
2731.6733,101.894
2732.6377,101.904
2733.6018,101.915
2734.5662,101.929
2735.5303,101.948
2736.4946,101.97
2737.4587,101.994
2738.4231,102.018
2739.3872,102.04
2740.3516,102.059
2741.3157,102.073
2742.2800,102.082
2743.2441,102.087
2744.2085,102.088
2745.1726,102.087
2746.1370,102.086
2747.1011,102.086
2748.0654,102.086
2749.0295,102.086
2749.9939,102.084
2750.9580,102.081
2751.9224,102.077
2752.8865,102.075
2753.8508,102.076
2754.8149,102.081
2755.7793,102.089
2756.7434,102.099
2757.7078,102.106
2758.6719,102.109
2759.6362,102.105
2760.6003,102.095
2761.5647,102.081
2762.5288,102.065
2763.4932,102.052
2764.4573,102.042
2765.4216,102.034
2766.3857,102.027
2767.3501,102.021
2768.3142,102.018
2769.2786,102.019
2770.2427,102.025
2771.2070,102.033
2772.1711,102.039
2773.1355,102.039
2774.0996,102.028
2775.0640,102.006
2776.0281,101.975
2776.9924,101.937
2777.9565,101.895
2778.9209,101.85
2779.8850,101.805
2780.8494,101.763
2781.8135,101.725
2782.7778,101.695
2783.7419,101.671
2784.7063,101.65
2785.6704,101.629
2786.6348,101.603
2787.5989,101.569
2788.5632,101.526
2789.5273,101.474
2790.4917,101.416
2791.4558,101.352
2792.4202,101.283
2793.3843,101.211
2794.3486,101.139
2795.3127,101.071
2796.2771,101.013
2797.2412,100.969
2798.2056,100.939
2799.1697,100.917
2800.1340,100.895
2801.0981,100.863
2802.0625,100.813
2803.0266,100.742
2803.9910,100.652
2804.9551,100.548
2805.9194,100.435
2806.8835,100.317
2807.8479,100.196
2808.8120,100.075
2809.7764,99.9599
2810.7405,99.8555
2811.7048,99.7671
2812.6689,99.6961
2813.6333,99.6388
2814.5974,99.5864
2815.5618,99.5274
2816.5259,99.4506
2817.4902,99.3462
2818.4543,99.2066
2819.4187,99.0251
2820.3828,98.7958
2821.3472,98.5135
2822.3113,98.1753
2823.2756,97.7813
2824.2397,97.3333
2825.2041,96.8321
2826.1682,96.2717
2827.1326,95.6359
2828.0967,94.8977
2829.0610,94.026
2830.0251,92.9988
2830.9895,91.8195
2831.9536,90.5298
2832.9180,89.2132
2833.8821,87.9833
2834.8464,86.9612
2835.8105,86.2489
2836.7749,85.9071
2837.7390,85.9462
2838.7034,86.33
2839.6675,86.9889
2840.6318,87.8367
2841.5959,88.7852
2842.5603,89.7552
2843.5244,90.6811
2844.4888,91.5145
2845.4529,92.224
2846.4172,92.7954
2847.3813,93.2299
2848.3457,93.5412
2849.3098,93.7511
2850.2742,93.8843
2851.2383,93.9633
2852.2026,94.0041
2853.1667,94.0139
2854.1311,93.99
2855.0952,93.9201
2856.0596,93.7822
2857.0237,93.5461
2857.9880,93.1764
2858.9521,92.6399
2859.9165,91.9172
2860.8806,91.0165
2861.8450,89.9837
2862.8091,88.9023
2863.7734,87.8804
2864.7375,87.0268
2865.7019,86.424
2866.6660,86.1074
2867.6304,86.0583
2868.5945,86.2114
2869.5588,86.4743
2870.5229,86.7519
2871.4873,86.9669
2872.4514,87.0758
2873.4158,87.0739
2874.3799,86.9924
2875.3442,86.886
2876.3083,86.815
2877.2727,86.8267
2878.2368,86.9438
2879.2012,87.1605
2880.1653,87.4494
2881.1296,87.7728
2882.0938,88.0944
2883.0581,88.3862
2884.0222,88.6303
2884.9866,88.8161
2885.9507,88.9374
2886.9150,88.9901
2887.8792,88.972
2888.8435,88.8829
2889.8076,88.7248
2890.7720,88.5008
2891.7361,88.2147
2892.7004,87.8697
2893.6646,87.4687
2894.6289,87.0146
2895.5930,86.5105
2896.5574,85.9602
2897.5215,85.3682
2898.4858,84.74
2899.4500,84.0823
2900.4143,83.4039
2901.3784,82.7159
2902.3428,82.0323
2903.3069,81.3682
2904.2712,80.7371
2905.2354,80.1479
2906.1997,79.6011
2907.1638,79.0879
2908.1282,78.59
2909.0923,78.084
2910.0566,77.547
2911.0208,76.9655
2911.9851,76.342
2912.9492,75.7006
2913.9136,75.0854
2914.8777,74.5543
2915.8420,74.1666
2916.8062,73.9694
2917.7705,73.9865
2918.7346,74.2133
2919.6990,74.62
2920.6631,75.1616
2921.6274,75.791
2922.5916,76.4718
2923.5559,77.1853
2924.5200,77.9309
2925.4844,78.7196
2926.4485,79.5647
2927.4128,80.4722
2928.3770,81.4354
2929.3413,82.4346
2930.3054,83.44
2931.2698,84.4173
2932.2339,85.3327
2933.1982,86.1564
2934.1624,86.8644
2935.1267,87.4384
2936.0908,87.8639
2937.0552,88.1277
2938.0193,88.214
2938.9836,88.1013
2939.9478,87.7627
2940.9121,87.1727
2941.8762,86.3196
2942.8406,85.2204
2943.8047,83.932
2944.7690,82.5516
2945.7332,81.2031
2946.6975,80.013
2947.6616,79.0834
2948.6260,78.4718
2949.5901,78.1841
2950.5544,78.1805
2951.5186,78.3913
2952.4829,78.7352
2953.4470,79.1357
2954.4114,79.5347
2955.3755,79.9002
2956.3398,80.2295
2957.3040,80.547
2958.2683,80.897
2959.2324,81.3327
2960.1968,81.9033
2961.1609,82.6424
2962.1252,83.5602
2963.0894,84.6413
2964.0537,85.8488
2965.0178,87.1323
2965.9822,88.4373
2966.9463,89.7132
2967.9106,90.9197
2968.8748,92.0296
2969.8391,93.0297
2970.8032,93.9189
2971.7676,94.7051
2972.7317,95.4009
2973.6960,96.0201
2974.6602,96.5747
2975.6245,97.074
2976.5886,97.5255
2977.5530,97.9363
2978.5171,98.3138
2979.4814,98.6648
2980.4456,98.993
2981.4099,99.298
2982.3740,99.5751
2983.3384,99.8183
2984.3025,100.025
2985.2668,100.196
2986.2310,100.338
2987.1953,100.459
2988.1594,100.564
2989.1238,100.657
2990.0879,100.737
2991.0522,100.807
2992.0164,100.87
2992.9807,100.934
2993.9448,101.003
2994.9092,101.08
2995.8733,101.162
2996.8376,101.246
2997.8018,101.323
2998.7661,101.388
2999.7302,101.436
3000.6946,101.467
3001.6587,101.481
3002.6230,101.486
3003.5872,101.489
3004.5515,101.495
3005.5156,101.507
3006.4800,101.524
3007.4441,101.544
3008.4084,101.567
3009.3726,101.594
3010.3369,101.629
3011.3010,101.672
3012.2654,101.721
3013.2295,101.769
3014.1938,101.81
3015.1580,101.839
3016.1223,101.857
3017.0864,101.869
3018.0508,101.877
3019.0149,101.883
3019.9792,101.886
3020.9434,101.887
3021.9077,101.887
3022.8718,101.889
3023.8362,101.898
3024.8003,101.916
3025.7646,101.939
3026.7288,101.963
3027.6931,101.978
3028.6572,101.98
3029.6216,101.97
3030.5857,101.95
3031.5500,101.929
3032.5142,101.913
3033.4785,101.907
3034.4426,101.91
3035.4070,101.92
3036.3711,101.934
3037.3354,101.949
3038.2996,101.964
3039.2639,101.979
3040.2280,101.994
3041.1924,102.012
3042.1565,102.033
3043.1208,102.054
3044.0850,102.07
3045.0493,102.074
3046.0134,102.066
3046.9778,102.048
3047.9419,102.026
3048.9063,102.006
3049.8704,101.991
3050.8347,101.977
3051.7988,101.96
3052.7632,101.937
3053.7273,101.908
3054.6917,101.879
3055.6558,101.861
3056.6201,101.861
3057.5842,101.879
3058.5486,101.91
3059.5127,101.945
3060.4771,101.972
3061.4412,101.982
3062.4055,101.973
3063.3696,101.949
3064.3340,101.917
3065.2981,101.888
3066.2625,101.867
3067.2266,101.856
3068.1909,101.855
3069.1550,101.861
3070.1194,101.874
3071.0835,101.894
3072.0479,101.919
3073.0120,101.947
3073.9763,101.969
3074.9404,101.981
3075.9048,101.976
3076.8689,101.956
3077.8333,101.927
3078.7974,101.897
3079.7617,101.871
3080.7258,101.853
3081.6902,101.841
3082.6543,101.835
3083.6187,101.832
3084.5828,101.833
3085.5471,101.839
3086.5112,101.851
3087.4756,101.866
3088.4397,101.88
3089.4041,101.888
3090.3682,101.884
3091.3325,101.866
3092.2966,101.838
3093.2610,101.804
3094.2251,101.771
3095.1895,101.743
3096.1536,101.72
3097.1179,101.698
3098.0820,101.673
3099.0464,101.646
3100.0105,101.621
3100.9749,101.609
3101.9390,101.614
3102.9033,101.636
3103.8674,101.669
3104.8318,101.7
3105.7959,101.721
3106.7603,101.728
3107.7244,101.721
3108.6887,101.704
3109.6528,101.681
3110.6172,101.653
3111.5813,101.623
3112.5457,101.59
3113.5098,101.557
3114.4741,101.528
3115.4382,101.506
3116.4026,101.491
3117.3667,101.484
3118.3311,101.48
3119.2952,101.477
3120.2595,101.473
3121.2236,101.47
3122.1880,101.469
3123.1521,101.47
3124.1165,101.473
3125.0806,101.477
3126.0449,101.477
3127.0090,101.468
3127.9734,101.449
3128.9375,101.42
3129.9019,101.385
3130.8660,101.356
3131.8303,101.341
3132.7944,101.346
3133.7588,101.369
3134.7229,101.4
3135.6873,101.426
3136.6514,101.438
3137.6157,101.432
3138.5798,101.411
3139.5442,101.383
3140.5083,101.353
3141.4727,101.325
3142.4368,101.3
3143.4011,101.277
3144.3652,101.26
3145.3296,101.251
3146.2937,101.251
3147.2581,101.259
3148.2222,101.269
3149.1865,101.277
3150.1506,101.277
3151.1150,101.269
3152.0791,101.255
3153.0435,101.24
3154.0076,101.225
3154.9719,101.21
3155.9360,101.194
3156.9004,101.174
3157.8645,101.148
3158.8289,101.12
3159.7930,101.091
3160.7573,101.067
3161.7214,101.05
3162.6858,101.042
3163.6499,101.039
3164.6143,101.039
3165.5784,101.04
3166.5427,101.038
3167.5068,101.033
3168.4712,101.027
3169.4353,101.019
3170.3997,101.01
3171.3638,100.998
3172.3281,100.976
3173.2922,100.942
3174.2566,100.894
3175.2207,100.838
3176.1851,100.784
3177.1492,100.742
3178.1135,100.721
3179.0776,100.72
3180.0420,100.733
3181.0061,100.752
3181.9705,100.767
3182.9346,100.774
3183.8989,100.773
3184.8630,100.765
3185.8274,100.749
3186.7915,100.728
3187.7559,100.703
3188.7200,100.677
3189.6843,100.652
3190.6484,100.63
3191.6128,100.609
3192.5769,100.586
3193.5413,100.56
3194.5054,100.536
3195.4697,100.518
3196.4338,100.511
3197.3982,100.516
3198.3623,100.528
3199.3267,100.539
3200.2908,100.544
3201.2551,100.54
3202.2192,100.53
3203.1836,100.516
3204.1477,100.502
3205.1121,100.486
3206.0762,100.467
3207.0405,100.445
3208.0046,100.42
3208.9690,100.395
3209.9331,100.373
3210.8975,100.356
3211.8616,100.349
3212.8259,100.354
3213.7900,100.367
3214.7544,100.384
3215.7185,100.391
3216.6829,100.381
3217.6470,100.353
3218.6113,100.312
3219.5754,100.275
3220.5398,100.252
3221.5039,100.248
3222.4683,100.259
3223.4324,100.273
3224.3967,100.282
3225.3608,100.285
3226.3252,100.285
3227.2893,100.288
3228.2537,100.297
3229.2178,100.309
3230.1821,100.32
3231.1462,100.324
3232.1106,100.318
3233.0747,100.303
3234.0391,100.28
3235.0032,100.254
3235.9675,100.227
3236.9316,100.201
3237.8960,100.18
3238.8601,100.164
3239.8245,100.153
3240.7886,100.148
3241.7529,100.146
3242.7170,100.149
3243.6814,100.154
3244.6455,100.163
3245.6099,100.173
3246.5740,100.181
3247.5383,100.182
3248.5024,100.174
3249.4668,100.155
3250.4309,100.127
3251.3953,100.093
3252.3594,100.059
3253.3237,100.03
3254.2878,100.01
3255.2522,99.9982
3256.2163,99.9956
3257.1807,100.001
3258.1448,100.011
3259.1091,100.022
3260.0732,100.031
3261.0376,100.033
3262.0017,100.028
3262.9661,100.018
3263.9302,100.006
3264.8945,99.9946
3265.8586,99.9833
3266.8230,99.968
3267.7871,99.9446
3268.7515,99.9122
3269.7156,99.8743
3270.6799,99.8373
3271.6440,99.8077
3272.6084,99.7889
3273.5725,99.7808
3274.5369,99.7814
3275.5010,99.7881
3276.4653,99.7982
3277.4294,99.8083
3278.3938,99.8135
3279.3579,99.8089
3280.3223,99.7922
3281.2864,99.766
3282.2507,99.7378
3283.2148,99.7169
3284.1792,99.709
3285.1433,99.7135
3286.1077,99.7237
3287.0718,99.7311
3288.0361,99.7301
3289.0002,99.7211
3289.9646,99.7094
3290.9287,99.7011
3291.8931,99.6983
3292.8572,99.6981
3293.8215,99.6942
3294.7856,99.6815
3295.7500,99.6601
3296.7141,99.636
3297.6785,99.6179
3298.6426,99.6137
3299.6069,99.6261
3300.5710,99.652
3301.5354,99.6836
3302.4995,99.7107
3303.4639,99.7243
3304.4280,99.7186
3305.3923,99.6934
3306.3564,99.6536
3307.3208,99.6086
3308.2849,99.5683
3309.2493,99.54
3310.2134,99.5253
3311.1777,99.5213
3312.1418,99.5225
3313.1062,99.5238
3314.0703,99.5231
3315.0347,99.5207
3315.9988,99.5183
3316.9631,99.5179
3317.9272,99.5207
3318.8916,99.5267
3319.8557,99.5342
3320.8201,99.5397
3321.7842,99.5386
3322.7485,99.5265
3323.7126,99.5019
3324.6770,99.4679
3325.6411,99.4315
3326.6055,99.4012
3327.5696,99.3826
3328.5339,99.3763
3329.4980,99.3771
3330.4624,99.3767
3331.4265,99.3682
3332.3909,99.3492
3333.3550,99.3235
3334.3193,99.2992
3335.2834,99.2849
3336.2478,99.2847
3337.2119,99.2959
3338.1763,99.3101
3339.1404,99.3175
3340.1047,99.3124
3341.0688,99.2955
3342.0332,99.2736
3342.9973,99.2551
3343.9617,99.2454
3344.9258,99.2447
3345.8901,99.249
3346.8542,99.2529
3347.8186,99.2528
3348.7827,99.2471
3349.7471,99.2361
3350.7112,99.2203
3351.6755,99.2014
3352.6396,99.1819
3353.6040,99.1653
3354.5681,99.1542
3355.5325,99.148
3356.4966,99.1421
3357.4609,99.13
3358.4250,99.1072
3359.3894,99.0743
3360.3535,99.0377
3361.3179,99.0059
3362.2820,98.9862
3363.2463,98.9812
3364.2104,98.9898
3365.1748,99.0083
3366.1389,99.033
3367.1033,99.0602
3368.0674,99.086
3369.0317,99.1068
3369.9958,99.1194
3370.9602,99.1227
3371.9243,99.1179
3372.8887,99.1072
3373.8528,99.0934
3374.8171,99.0784
3375.7813,99.0643
3376.7456,99.0536
3377.7097,99.0487
3378.6741,99.0495
3379.6382,99.0533
3380.6025,99.0552
3381.5667,99.0521
3382.5310,99.0462
3383.4951,99.0446
3384.4595,99.0549
3385.4236,99.0785
3386.3879,99.1063
3387.3521,99.1223
3388.3164,99.1123
3389.2805,99.0723
3390.2449,99.0119
3391.2090,98.9496
3392.1733,98.9042
3393.1375,98.8855
3394.1018,98.8929
3395.0659,98.9184
3396.0303,98.9531
3396.9944,98.9902
3397.9587,99.0248
3398.9229,99.0521
3399.8872,99.0683
3400.8513,99.0722
3401.8157,99.0668
3402.7798,99.0583
3403.7441,99.0523
3404.7083,99.0512
3405.6726,99.0533
3406.6367,99.0552
3407.6011,99.0545
3408.5652,99.0513
3409.5295,99.0479
3410.4937,99.0473
3411.4580,99.0523
3412.4221,99.0644
3413.3865,99.0809
3414.3506,99.0939
3415.3149,99.0904
3416.2791,99.0579
3417.2434,98.9919
3418.2075,98.9022
3419.1719,98.8124
3420.1360,98.7517
3421.1003,98.7412
3422.0645,98.783
3423.0288,98.8599
3423.9929,98.9446
3424.9573,99.0125
3425.9214,99.0513
3426.8857,99.0628
3427.8499,99.0589
3428.8142,99.0542
3429.7783,99.0587
3430.7427,99.0746
3431.7068,99.097
3432.6711,99.1183
3433.6353,99.1321
3434.5996,99.1356
3435.5637,99.1283
3436.5281,99.1119
3437.4922,99.0887
3438.4565,99.0627
3439.4207,99.0377
3440.3850,99.0147
3441.3491,98.989
3442.3135,98.9512
3443.2776,98.8935
3444.2419,98.82
3445.2061,98.7512
3446.1704,98.7194
3447.1345,98.7507
3448.0989,98.847
3449.0630,98.9813
3450.0273,99.1117
3450.9915,99.2035
3451.9558,99.2445
3452.9199,99.2461
3453.8843,99.2312
3454.8484,99.2184
3455.8127,99.2125
3456.7769,99.2062
3457.7412,99.1907
3458.7053,99.1663
3459.6697,99.1433
3460.6338,99.1362
3461.5981,99.1526
3462.5623,99.1881
3463.5266,99.2287
3464.4907,99.2602
3465.4551,99.2768
3466.4192,99.2838
3467.3835,99.2922
3468.3477,99.3102
3469.3120,99.3371
3470.2761,99.3645
3471.2405,99.3845
3472.2046,99.3966
3473.1689,99.4086
3474.1331,99.4286
3475.0974,99.4553
3476.0615,99.4741
3477.0259,99.4647
3477.9900,99.4156
3478.9543,99.3356
3479.9185,99.2532
3480.8828,99.2026
3481.8469,99.2032
3482.8113,99.2476
3483.7754,99.3073
3484.7397,99.3537
3485.7039,99.3765
3486.6682,99.388
3487.6323,99.4135
3488.5967,99.4711
3489.5608,99.5569
3490.5251,99.6452
3491.4893,99.7041
3492.4536,99.7153
3493.4177,99.6854
3494.3821,99.6417
3495.3462,99.6131
3496.3105,99.6075
3497.2747,99.6024
3498.2390,99.5592
3499.2031,99.4521
3500.1675,99.2927
3501.1316,99.1344
3502.0959,99.049
3503.0601,99.0821
3504.0244,99.2186
3504.9885,99.3894
3505.9529,99.5175
3506.9170,99.5631
3507.8813,99.5417
3508.8455,99.5089
3509.8098,99.5239
3510.7739,99.6113
3511.7383,99.7486
3512.7024,99.887
3513.6667,99.9857
3514.6309,100.033
3515.5952,100.042
3516.5593,100.034
3517.5237,100.017
3518.4878,99.9777
3519.4521,99.8989
3520.4163,99.7724
3521.3806,99.6131
3522.3447,99.4538
3523.3091,99.3279
3524.2732,99.2525
3525.2375,99.2263
3526.2017,99.2423
3527.1660,99.3021
3528.1301,99.416
3529.0945,99.5872
3530.0586,99.7952
3531.0229,99.9956
3531.9871,100.14
3532.9514,100.2
3533.9155,100.186
3534.8799,100.141
3535.8440,100.125
3536.8083,100.174
3537.7725,100.282
3538.7368,100.394
3539.7009,100.437
3540.6653,100.351
3541.6294,100.119
3542.5938,99.778
3543.5579,99.4219
3544.5222,99.1704
3545.4863,99.1141
3546.4507,99.2559
3547.4148,99.5081
3548.3792,99.7496
3549.3433,99.8959
3550.3076,99.9345
3551.2717,99.9204
3552.2361,99.9372
3553.2002,100.04
3554.1646,100.217
3555.1287,100.399
3556.0930,100.515
3557.0571,100.529
3558.0215,100.458
3558.9856,100.349
3559.9500,100.233
3560.9141,100.094
3561.8784,99.8716
3562.8425,99.5004
3563.8069,98.9684
3564.7710,98.3668
3565.7354,97.9049
3566.6995,97.8233
3567.6638,98.2085
3568.6279,98.9002
3569.5923,99.6274
3570.5564,100.192
3571.5208,100.527
3572.4849,100.657
3573.4492,100.652
3574.4133,100.592
3575.3777,100.53
3576.3418,100.49
3577.3062,100.478
3578.2703,100.495
3579.2346,100.544
3580.1987,100.607
3581.1631,100.636
3582.1272,100.557
3583.0916,100.303
3584.0557,99.8559
3585.0200,99.2856
3585.9841,98.7729
3586.9485,98.5462
3587.9126,98.7117
3588.8770,99.1434
3589.8411,99.5924
3590.8054,99.871
3591.7695,99.925
3592.7339,99.8115
3593.6980,99.6476
3594.6624,99.5437
3595.6265,99.5406
3596.5908,99.6016
3597.5549,99.6704
3598.5193,99.7327
3599.4834,99.8244
3600.4478,99.9846
3601.4119,100.199
3602.3762,100.389
3603.3403,100.464
3604.3047,100.373
3605.2688,100.137
3606.2332,99.8462
3607.1973,99.6115
3608.1616,99.5037
3609.1257,99.5058
3610.0901,99.5415
3611.0542,99.5464
3612.0186,99.5103
3612.9827,99.4617
3613.9470,99.4249
3614.9111,99.3911
3615.8755,99.3309
3616.8396,99.2355
3617.8040,99.155
3618.7681,99.1923
3619.7324,99.4278
3620.6965,99.8279
3621.6609,100.249
3622.6250,100.532
3623.5894,100.573
3624.5535,100.335
3625.5178,99.8369
3626.4819,99.1767
3627.4463,98.5753
3628.4104,98.3245
3629.3748,98.5573
3630.3389,99.1052
3631.3032,99.6963
3632.2673,100.176
3633.2317,100.523
3634.1958,100.775
3635.1602,100.973
3636.1243,101.134
3637.0886,101.26
3638.0527,101.344
3639.0171,101.393
3639.9812,101.422
3640.9456,101.433
3641.9097,101.4
3642.8740,101.266
3643.8381,100.959
3644.8025,100.416
3645.7666,99.6168
3646.7310,98.6495
3647.6951,97.8086
3648.6594,97.5394
3649.6235,98.0403
3650.5879,98.9922
3651.5520,99.9193
3652.5164,100.569
3653.4805,100.916
3654.4448,101.047
3655.4089,101.096
3656.3733,101.189
3657.3374,101.385
3658.3018,101.649
3659.2659,101.907
3660.2302,102.109
3661.1943,102.249
3662.1587,102.337
3663.1228,102.363
3664.0872,102.291
3665.0513,102.069
3666.0156,101.664
3666.9797,101.098
3667.9441,100.482
3668.9082,99.9943
3669.8726,99.7579
3670.8367,99.7117
3671.8010,99.6678
3672.7651,99.4751
3673.7295,99.1239
3674.6936,98.7794
3675.6580,98.7076
3676.6221,99.0455
3677.5864,99.6635
3678.5505,100.329
3679.5149,100.897
3680.4790,101.324
3681.4434,101.617
3682.4075,101.779
3683.3718,101.797
3684.3359,101.644
3685.3003,101.29
3686.2644,100.732
3687.2288,100.04
3688.1929,99.4056
3689.1572,99.0938
3690.1213,99.2364
3691.0857,99.7127
3692.0498,100.29
3693.0142,100.799
3693.9783,101.172
3694.9426,101.401
3695.9067,101.499
3696.8711,101.478
3697.8352,101.35
3698.7996,101.138
3699.7637,100.897
3700.7280,100.714
3701.6921,100.675
3702.6565,100.8
3703.6206,101.015
3704.5850,101.194
3705.5491,101.222
3706.5134,101.027
3707.4775,100.592
3708.4419,99.9737
3709.4060,99.3415
3710.3704,98.9647
3711.3345,99.0544
3712.2988,99.5645
3713.2629,100.235
3714.2273,100.814
3715.1914,101.178
3716.1558,101.306
3717.1199,101.229
3718.0842,101.005
3719.0483,100.695
3720.0127,100.353
3720.9768,100.015
3721.9412,99.7001
3722.9053,99.4357
3723.8696,99.2719
3724.8337,99.2627
3725.7981,99.4213
3726.7622,99.6895
3727.7266,99.9555
3728.6907,100.096
3729.6550,100.008
3730.6191,99.6243
3731.5835,98.9358
3732.5476,98.039
3733.5120,97.1805
3734.4761,96.7109
3735.4404,96.8669
3736.4045,97.551
3737.3689,98.4155
3738.3330,99.1447
3739.2974,99.5887
3740.2615,99.7215
3741.2258,99.5767
3742.1899,99.236
3743.1543,98.857
3744.1184,98.6409
3745.0828,98.6661
3746.0469,98.7978
3747.0112,98.8387
3747.9753,98.6866
3748.9397,98.3858
3749.9038,98.1448
3750.8682,98.2519
3751.8323,98.7994
3752.7966,99.5534
3753.7607,100.209
3754.7251,100.611
3755.6892,100.75
3756.6536,100.71
3757.6177,100.628
3758.5820,100.649
3759.5461,100.832
3760.5105,101.116
3761.4746,101.38
3762.4390,101.536
3763.4031,101.557
3764.3674,101.47
3765.3315,101.326
3766.2959,101.175
3767.2600,101.057
3768.2244,101.005
3769.1885,101.057
3770.1528,101.24
3771.1169,101.541
3772.0813,101.888
3773.0454,102.177
3774.0098,102.322
3774.9739,102.28
3775.9382,102.066
3776.9023,101.757
3777.8667,101.477
3778.8308,101.339
3779.7952,101.368
3780.7593,101.49
3781.7236,101.606
3782.6877,101.664
3783.6521,101.674
3784.6162,101.689
3785.5806,101.757
3786.5447,101.893
3787.5090,102.073
3788.4731,102.247
3789.4375,102.371
3790.4016,102.415
3791.3660,102.365
3792.3301,102.219
3793.2944,101.99
3794.2585,101.705
3795.2229,101.396
3796.1870,101.088
3797.1514,100.78
3798.1155,100.464
3799.0798,100.161
3800.0439,99.9409
3801.0083,99.8962
3801.9724,100.048
3802.9368,100.308
3803.9009,100.549
3804.8652,100.707
3805.8293,100.812
3806.7937,100.96
3807.7578,101.223
3808.7222,101.571
3809.6863,101.887
3810.6506,102.057
3811.6147,102.026
3812.5791,101.795
3813.5432,101.421
3814.5076,101.002
3815.4717,100.637
3816.4360,100.354
3817.4001,100.107
3818.3645,99.8549
3819.3286,99.6332
3820.2930,99.551
3821.2571,99.6987
3822.2214,100.041
3823.1855,100.439
3824.1499,100.768
3825.1140,100.984
3826.0784,101.11
3827.0425,101.188
3828.0068,101.244
3828.9709,101.279
3829.9353,101.275
3830.8994,101.219
3831.8638,101.109
3832.8279,100.946
3833.7922,100.721
3834.7563,100.42
3835.7207,100.039
3836.6848,99.6204
3837.6492,99.2646
3838.6133,99.0871
3839.5776,99.1425
3840.5417,99.3968
3841.5061,99.7761
3842.4702,100.221
3843.4346,100.693
3844.3987,101.148
3845.3630,101.522
3846.3271,101.738
3847.2915,101.742
3848.2556,101.503
3849.2200,101.012
3850.1841,100.277
3851.1484,99.3671
3852.1125,98.5126
3853.0769,98.1283
3854.0410,98.453
3855.0054,99.2258
3855.9695,100.035
3856.9338,100.668
3857.8979,101.069
3858.8623,101.23
3859.8264,101.154
3860.7908,100.878
3861.7549,100.506
3862.7192,100.197
3863.6833,100.076
3864.6477,100.136
3865.6118,100.259
3866.5762,100.309
3867.5403,100.214
3868.5046,99.9848
3869.4688,99.7148
3870.4331,99.5418
3871.3972,99.5806
3872.3616,99.8581
3873.3257,100.301
3874.2900,100.779
3875.2542,101.16
3876.2185,101.351
3877.1826,101.318
3878.1470,101.092
3879.1111,100.77
3880.0754,100.474
3881.0396,100.291
3882.0039,100.23
3882.9680,100.257
3883.9324,100.35
3884.8965,100.515
3885.8608,100.74
3886.8250,100.96
3887.7893,101.083
3888.7534,101.047
3889.7178,100.877
3890.6819,100.691
3891.6462,100.651
3892.6104,100.831
3893.5747,101.142
3894.5388,101.406
3895.5032,101.486
3896.4673,101.33
3897.4316,100.963
3898.3958,100.476
3899.3601,99.9808
3900.3242,99.5721
3901.2886,99.2987
3902.2527,99.1945
3903.2170,99.3038
3904.1812,99.6506
3905.1455,100.186
3906.1096,100.795
3907.0740,101.355
3908.0381,101.79
3909.0024,102.077
3909.9666,102.225
3910.9309,102.258
3911.8950,102.19
3912.8594,102.025
3913.8235,101.768
3914.7878,101.45
3915.7520,101.142
3916.7163,100.94
3917.6804,100.906
3918.6448,101.015
3919.6089,101.167
3920.5732,101.258
3921.5374,101.244
3922.5017,101.16
3923.4658,101.094
3924.4302,101.125
3925.3943,101.257
3926.3586,101.412
3927.3228,101.483
3928.2871,101.406
3929.2512,101.197
3930.2156,100.952
3931.1797,100.802
3932.1440,100.837
3933.1082,101.056
3934.0725,101.374
3935.0366,101.685
3936.0010,101.912
3936.9651,102.017
3937.9294,101.992
3938.8936,101.853
3939.8579,101.642
3940.8220,101.427
3941.7864,101.277
3942.7505,101.231
3943.7148,101.266
3944.6790,101.315
3945.6433,101.314
3946.6074,101.243
3947.5718,101.143
3948.5359,101.089
3949.5002,101.142
3950.4644,101.305
3951.4287,101.523
3952.3928,101.722
3953.3572,101.855
3954.3213,101.913
3955.2856,101.917
3956.2498,101.892
3957.2141,101.85
3958.1782,101.795
3959.1426,101.731
3960.1067,101.676
3961.0710,101.654
3962.0352,101.684
3962.9995,101.761
3963.9636,101.855
3964.9280,101.932
3965.8921,101.967
3966.8564,101.96
3967.8206,101.926
3968.7849,101.884
3969.7490,101.846
3970.7134,101.81
3971.6775,101.77
3972.6418,101.727
3973.6060,101.694
3974.5703,101.686
3975.5344,101.714
3976.4988,101.77
3977.4629,101.836
3978.4272,101.887
3979.3914,101.912
3980.3557,101.912
3981.3198,101.903
3982.2842,101.904
3983.2483,101.92
3984.2126,101.949
3985.1768,101.976
3986.1411,101.986
3987.1052,101.972
3988.0696,101.937
3989.0337,101.893
3989.9980,101.852
3990.9622,101.822
3991.9265,101.805
3992.8906,101.8
3993.8550,101.808
3994.8191,101.829
3995.7834,101.859
3996.7476,101.893
3997.7119,101.92
3998.6760,101.934
3999.6404,101.935
4000.6045,101.93
