TITLE SAMPLE NAME:,Polyethylene Terephthalate (bottles, containers)
DATA TYPE:,Infrared Spectrum
MEASUREMENT INFORMATION:,Spectrophotometer
MODEL NAME:,FT/IR ATR-4X JASSCO Type A
SERIAL No:,A009662111
ACCESSORY:,ATR PRO 4x
LIGHT SOURCE:,DLATGS Standard
RESOLUTION:,8 cm-1
XUNITS/ HORIZONTAL AXIS:,Wavenumber [cm-1]
YUNITS/ VERTICAL AXIS:,Transmittance %T
FIRSTX:,399
FIRSTY:,0
LASTX:,4000
LASTY:,120
NPOINTS:,1884
399.1927,87.2693
401.1211,87.7937
403.0496,88.243
404.9781,88.6536
406.9065,89.0337
408.8350,89.3572
410.7635,89.5799
412.6919,89.6582
414.6204,89.5637
416.5489,89.2933
418.4773,88.8752
420.4058,88.3611
422.3343,87.8025
424.2627,87.2332
426.1912,86.6764
428.1197,86.1637
430.0481,85.7493
431.9766,85.5056
433.9051,85.501
435.8335,85.7673
437.7620,86.2814
439.6905,86.9717
441.6189,87.7436
443.5474,88.5035
445.4759,89.1784
447.4043,89.728
449.3328,90.1451
451.2613,90.4432
453.1897,90.6414
455.1182,90.7556
457.0467,90.7993
458.9751,90.7899
460.9036,90.7495
462.8321,90.7
464.7605,90.6556
466.6890,90.6201
468.6175,90.5885
470.5459,90.5505
472.4744,90.4948
474.4029,90.4147
476.3313,90.3102
478.2598,90.1866
480.1883,90.0498
482.1167,89.9012
484.0452,89.7341
485.9737,89.5324
487.9021,89.2729
489.8306,88.9321
491.7591,88.4949
493.6875,87.964
495.6160,87.3696
497.5445,86.7769
499.4729,86.2853
501.4014,86.0111
503.3299,86.0476
505.2583,86.4211
507.1868,87.0704
509.1153,87.8679
511.0437,88.6672
512.9722,89.3485
514.9007,89.846
516.8292,90.1558
518.7576,90.3247
520.6861,90.4232
522.6146,90.5147
524.5430,90.6356
526.4715,90.7946
528.4000,90.9837
530.3284,91.1903
532.2569,91.4042
534.1854,91.6168
536.1138,91.819
538.0423,91.9999
539.9708,92.149
541.8992,92.2611
543.8277,92.3393
545.7562,92.3951
547.6846,92.4435
549.6131,92.4966
551.5416,92.5584
553.4700,92.6244
555.3985,92.6845
557.3270,92.7291
559.2554,92.7532
561.1839,92.7568
563.1124,92.7426
565.0408,92.714
566.9693,92.6746
568.8978,92.6301
570.8262,92.5888
572.7547,92.5603
574.6832,92.5513
576.6116,92.5618
578.5401,92.585
580.4686,92.6098
582.3970,92.6258
584.3255,92.6277
586.2540,92.6151
588.1824,92.5911
590.1109,92.5601
592.0394,92.5264
593.9678,92.4932
595.8963,92.4621
597.8248,92.4316
599.7532,92.3981
601.6817,92.3572
603.6102,92.307
605.5386,92.2488
607.4671,92.1866
609.3956,92.1246
611.3240,92.0653
613.2525,92.0092
615.1810,91.9535
617.1094,91.8902
619.0379,91.8041
620.9664,91.6764
622.8948,91.4947
624.8233,91.2648
626.7518,91.0167
628.6802,90.7995
630.6087,90.6627
632.5372,90.6327
634.4656,90.6973
636.3941,90.8092
638.3226,90.9084
640.2510,90.9482
642.1795,90.9114
644.1080,90.8091
646.0364,90.6666
647.9649,90.5065
649.8934,90.3397
651.8218,90.1683
653.7503,89.9935
655.6788,89.8212
657.6072,89.6582
659.5357,89.5048
661.4642,89.3501
663.3926,89.1702
665.3211,88.9319
667.2496,88.6062
669.1780,88.1927
671.1065,87.7306
673.0350,87.2711
674.9634,86.8446
676.8919,86.4588
678.8204,86.1128
680.7488,85.8033
682.6773,85.5193
684.6058,85.2321
686.5342,84.8948
688.4627,84.4534
690.3912,83.8627
692.3196,83.0992
694.2481,82.1687
696.1766,81.1023
698.1050,79.9441
700.0335,78.7355
701.9620,77.5063
703.8904,76.274
705.8189,75.0458
707.7474,73.8162
709.6758,72.5615
711.6043,71.2414
713.5328,69.8171
715.4612,68.291
717.3897,66.7535
719.3182,65.4066
721.2466,64.5305
723.1751,64.3978
725.1036,65.1803
727.0320,66.9038
728.9605,69.4626
730.8890,72.6645
732.8174,76.2746
734.7459,80.0419
736.6744,83.7155
738.6028,87.0601
740.5313,89.8788
742.4598,92.0433
744.3882,93.5186
746.3167,94.3689
748.2452,94.7341
750.1736,94.7832
752.1021,94.6649
754.0306,94.4774
755.9590,94.2657
757.8875,94.0396
759.8160,93.7955
761.7444,93.5305
763.6729,93.2476
765.6014,92.9538
767.5298,92.6568
769.4583,92.3638
771.3868,92.0806
773.3152,91.8113
775.2437,91.5555
777.1722,91.3044
779.1006,91.0376
781.0291,90.727
782.9576,90.351
784.8860,89.9151
786.8145,89.4672
788.7430,89.0934
790.6714,88.8882
792.5999,88.912
794.5284,89.1559
796.4568,89.539
798.3853,89.9399
800.3138,90.2477
802.2422,90.4034
804.1707,90.4115
806.0992,90.3198
808.0276,90.186
809.9561,90.0512
811.8846,89.931
813.8130,89.822
815.7415,89.7136
817.6700,89.5947
819.5984,89.4553
821.5269,89.2849
823.4554,89.0725
825.3839,88.8084
827.3123,88.4875
829.2408,88.1104
831.1693,87.6812
833.0977,87.2051
835.0262,86.6875
836.9547,86.1388
838.8831,85.5837
840.8116,85.0682
842.7401,84.6567
844.6685,84.4139
846.5970,84.3793
848.5255,84.5477
850.4539,84.8687
852.3824,85.2658
854.3109,85.6604
856.2393,85.982
858.1678,86.1594
860.0963,86.108
862.0247,85.7389
863.9532,85.001
865.8817,83.9403
867.8101,82.7341
869.7386,81.6656
871.6671,81.0348
873.5955,81.0456
875.5240,81.7271
877.4525,82.9304
879.3809,84.3974
881.3094,85.8603
883.2379,87.1211
885.1663,88.0831
887.0948,88.737
889.0233,89.126
890.9517,89.3161
892.8802,89.3778
894.8087,89.3784
896.7371,89.376
898.6656,89.4116
900.5941,89.5036
902.5225,89.6484
904.4510,89.8271
906.3795,90.0142
908.3079,90.1859
910.2364,90.3238
912.1649,90.4164
914.0934,90.4587
916.0219,90.4513
917.9503,90.3993
919.8788,90.3108
921.8073,90.1953
923.7357,90.062
925.6642,89.9182
927.5927,89.7688
929.5211,89.6157
931.4496,89.4587
933.3781,89.2966
935.3065,89.1285
937.2350,88.9546
939.1635,88.7743
941.0919,88.5859
943.0204,88.3844
944.9489,88.1624
946.8773,87.9116
948.8058,87.6247
950.7343,87.2972
952.6627,86.9286
954.5912,86.5223
956.5197,86.0856
958.4481,85.6297
960.3766,85.1703
962.3051,84.7289
964.2335,84.3345
966.1620,84.0229
968.0905,83.832
970.0189,83.7927
971.9474,83.9184
973.8759,84.1968
975.8043,84.589
977.7328,85.0368
979.6613,85.476
981.5897,85.8512
983.5182,86.1262
985.4467,86.287
987.3751,86.3372
989.3036,86.289
991.2321,86.154
993.1605,85.9383
995.0890,85.6437
997.0175,85.2703
998.9459,84.813
1000.8744,84.2516
1002.8029,83.5384
1004.7313,82.5995
1006.6598,81.3657
1008.5883,79.8297
1010.5167,78.1064
1012.4452,76.4533
1014.3737,75.2227
1016.3021,74.7482
1018.2306,75.2125
1020.1591,76.5607
1022.0875,78.5059
1024.0160,80.6259
1025.9445,82.5054
1027.8729,83.8589
1029.8014,84.5868
1031.7299,84.7556
1033.6583,84.5289
1035.5868,84.089
1037.5153,83.583
1039.4437,83.103
1041.3722,82.6925
1043.3007,82.3633
1045.2291,82.1085
1047.1576,81.9096
1049.0861,81.738
1051.0145,81.5581
1052.9430,81.3322
1054.8715,81.0275
1056.7999,80.6211
1058.7284,80.1024
1060.6569,79.4716
1062.5853,78.7357
1064.5138,77.9033
1066.4423,76.9817
1068.3707,75.9772
1070.2992,74.8984
1072.2277,73.7615
1074.1561,72.5936
1076.0846,71.4324
1078.0131,70.3191
1079.9415,69.2902
1081.8700,68.3686
1083.7985,67.5615
1085.7269,66.8654
1087.6554,66.2746
1089.5839,65.7902
1091.5123,65.4248
1093.4408,65.2025
1095.3693,65.1551
1097.2977,65.3135
1099.2262,65.696
1101.1547,66.2937
1103.0831,67.0586
1105.0116,67.9033
1106.9401,68.7186
1108.8685,69.4064
1110.7970,69.9163
1112.7255,70.2679
1114.6539,70.546
1116.5824,70.8698
1118.5109,71.3505
1120.4393,72.0577
1122.3678,73.0071
1124.2963,74.1714
1126.2247,75.5004
1128.1532,76.9398
1130.0817,78.4392
1132.0101,79.9524
1133.9386,81.4359
1135.8671,82.8506
1137.7955,84.1668
1139.7240,85.3685
1141.6525,86.4541
1143.5809,87.4318
1145.5094,88.3115
1147.4379,89.0998
1149.3663,89.7972
1151.2948,90.4015
1153.2233,90.9105
1155.1517,91.3236
1157.0802,91.6386
1159.0087,91.8476
1160.9371,91.935
1162.8656,91.8835
1164.7941,91.6873
1166.7225,91.3661
1168.6510,90.9716
1170.5795,90.5792
1172.5079,90.2665
1174.4364,90.0864
1176.3649,90.0483
1178.2933,90.1145
1180.2218,90.2152
1182.1503,90.2729
1184.0787,90.226
1186.0072,90.0412
1187.9357,89.7125
1189.8641,89.2515
1191.7926,88.6776
1193.7211,88.0106
1195.6495,87.2681
1197.5780,86.465
1199.5065,85.614
1201.4349,84.7243
1203.3634,83.7997
1205.2919,82.8374
1207.2203,81.8284
1209.1488,80.7628
1211.0773,79.6366
1213.0057,78.4588
1214.9342,77.2544
1216.8627,76.0598
1218.7911,74.9129
1220.7196,73.8405
1222.6481,72.85
1224.5765,71.9274
1226.5050,71.046
1228.4335,70.1798
1230.3619,69.318
1232.2904,68.474
1234.2189,67.6858
1236.1473,67.0067
1238.0758,66.4925
1240.0043,66.1865
1241.9327,66.1086
1243.8612,66.2499
1245.7897,66.5741
1247.7181,67.0261
1249.6466,67.5457
1251.5751,68.0829
1253.5035,68.6105
1255.4320,69.131
1257.3605,69.6742
1259.2889,70.2866
1261.2174,71.0143
1263.1459,71.8855
1265.0743,72.8995
1267.0028,74.0251
1268.9313,75.2087
1270.8597,76.3887
1272.7882,77.5099
1274.7167,78.5361
1276.6451,79.4557
1278.5736,80.2792
1280.5021,81.0321
1282.4305,81.7456
1284.3590,82.4493
1286.2875,83.1672
1288.2159,83.9167
1290.1444,84.7084
1292.0729,85.5451
1294.0013,86.4192
1295.9298,87.3118
1297.8583,88.1946
1299.7867,89.0363
1301.7152,89.8115
1303.6437,90.5089
1305.5721,91.1331
1307.5006,91.6986
1309.4291,92.2207
1311.3575,92.7065
1313.2860,93.1539
1315.2145,93.5559
1317.1429,93.9026
1319.0714,94.1733
1320.9999,94.3193
1322.9283,94.2538
1324.8568,93.8643
1326.7853,93.0545
1328.7137,91.7962
1330.6422,90.1707
1332.5707,88.3849
1334.4991,86.7539
1336.4276,85.637
1338.3561,85.3173
1340.2845,85.8716
1342.2130,87.1325
1344.1415,88.7829
1346.0699,90.5025
1347.9984,92.0612
1349.9269,93.3377
1351.8553,94.2963
1353.7838,94.9547
1355.7123,95.3535
1357.6407,95.5345
1359.5692,95.5327
1361.4977,95.3817
1363.4261,95.1239
1365.3546,94.8124
1367.2831,94.5028
1369.2115,94.2429
1371.1400,94.0661
1373.0685,93.9879
1374.9969,94.0025
1376.9254,94.0849
1378.8539,94.2013
1380.7823,94.321
1382.7108,94.4227
1384.6393,94.4914
1386.5677,94.5134
1388.4962,94.4701
1390.4247,94.3332
1392.3531,94.0588
1394.2816,93.5863
1396.2101,92.852
1398.1385,91.8267
1400.0670,90.5608
1401.9955,89.2085
1403.9240,88.003
1405.8524,87.1929
1407.7809,86.9667
1409.7094,87.4005
1411.6378,88.4484
1413.5663,89.9639
1415.4948,91.7291
1417.4232,93.4802
1419.3517,94.9595
1421.2802,96.0051
1423.2086,96.6123
1425.1371,96.8893
1427.0656,96.9576
1428.9940,96.8942
1430.9225,96.7327
1432.8510,96.4935
1434.7794,96.2093
1436.7079,95.9249
1438.6364,95.6749
1440.5648,95.4647
1442.4933,95.2766
1444.4218,95.0879
1446.3502,94.8858
1448.2787,94.672
1450.2072,94.4606
1452.1356,94.2752
1454.0641,94.1457
1455.9926,94.0991
1457.9210,94.1393
1459.8495,94.2343
1461.7780,94.3324
1463.7064,94.393
1465.6349,94.3993
1467.5634,94.3588
1469.4918,94.3046
1471.4203,94.2977
1473.3488,94.4053
1475.2772,94.6555
1477.2057,95.0167
1479.1342,95.4305
1481.0626,95.8524
1482.9911,96.2619
1484.9196,96.6524
1486.8480,97.0149
1488.7765,97.3198
1490.7050,97.5093
1492.6334,97.5145
1494.5619,97.292
1496.4904,96.8504
1498.4188,96.2495
1500.3473,95.5926
1502.2758,95.028
1504.2042,94.74
1506.1327,94.8764
1508.0612,95.4149
1509.9896,96.1321
1511.9181,96.7717
1513.8466,97.204
1515.7750,97.4269
1517.7035,97.498
1519.6320,97.489
1521.5604,97.4645
1523.4889,97.4637
1525.4174,97.4922
1527.3458,97.5357
1529.2743,97.5786
1531.2028,97.6107
1533.1312,97.6268
1535.0597,97.625
1536.9882,97.6092
1538.9166,97.593
1540.8451,97.596
1542.7736,97.6266
1544.7020,97.67
1546.6305,97.7037
1548.5590,97.7135
1550.4874,97.6939
1552.4159,97.6438
1554.3444,97.5673
1556.2728,97.4802
1558.2013,97.4086
1560.1298,97.3675
1562.0582,97.3408
1563.9867,97.2957
1565.9152,97.2023
1567.8436,97.0415
1569.7721,96.8091
1571.7006,96.5269
1573.6290,96.2516
1575.5575,96.0606
1577.4860,96.0107
1579.4144,96.1053
1581.3429,96.3009
1583.2714,96.5364
1585.1998,96.757
1587.1283,96.9251
1589.0568,97.0233
1590.9852,97.053
1592.9137,97.0272
1594.8422,96.9604
1596.7706,96.8599
1598.6991,96.7251
1600.6276,96.5532
1602.5560,96.3473
1604.4845,96.1203
1606.4130,95.8931
1608.3414,95.6881
1610.2699,95.5238
1612.1984,95.4109
1614.1268,95.3506
1616.0553,95.335
1617.9838,95.3472
1619.9122,95.3658
1621.8407,95.3716
1623.7692,95.3532
1625.6976,95.3064
1627.6261,95.2306
1629.5546,95.1251
1631.4830,94.9897
1633.4115,94.8283
1635.3400,94.6527
1637.2684,94.4791
1639.1969,94.3177
1641.1254,94.1645
1643.0538,94.0035
1644.9823,93.8128
1646.9108,93.5713
1648.8392,93.2711
1650.7677,92.9323
1652.6962,92.596
1654.6246,92.2853
1656.5531,91.9846
1658.4816,91.6602
1660.4100,91.2857
1662.3385,90.849
1664.2670,90.3489
1666.1954,89.7906
1668.1239,89.1857
1670.0524,88.5554
1671.9808,87.9283
1673.9093,87.326
1675.8378,86.7471
1677.7662,86.1643
1679.6947,85.5328
1681.6232,84.8131
1683.5516,84.0042
1685.4801,83.1557
1687.4086,82.3225
1689.3370,81.5044
1691.2655,80.6339
1693.1940,79.5955
1695.1224,78.2501
1697.0509,76.4921
1698.9794,74.3719
1700.9078,72.1699
1702.8363,70.2237
1704.7648,68.6818
1706.6932,67.5144
1708.6217,66.6664
1710.5502,66.1489
1712.4786,66.0532
1714.4071,66.5073
1716.3356,67.5624
1718.2640,69.0707
1720.1925,70.7394
1722.1210,72.345
1724.0494,73.8436
1725.9779,75.3148
1727.9064,76.8773
1729.8348,78.6332
1731.7633,80.6172
1733.6918,82.748
1735.6202,84.8546
1737.5487,86.7951
1739.4772,88.5394
1741.4056,90.1333
1743.3341,91.6241
1745.2626,93.0169
1747.1910,94.2702
1749.1195,95.3248
1751.0480,96.1479
1752.9764,96.756
1754.9049,97.1998
1756.8334,97.5324
1758.7618,97.7906
1760.6903,97.9929
1762.6188,98.1467
1764.5472,98.2581
1766.4757,98.3368
1768.4042,98.3976
1770.3326,98.4565
1772.2611,98.5247
1774.1896,98.6026
1776.1180,98.682
1778.0465,98.7526
1779.9750,98.8081
1781.9034,98.8479
1783.8319,98.8749
1785.7604,98.8944
1787.6888,98.9118
1789.6173,98.9306
1791.5458,98.9517
1793.4742,98.9743
1795.4027,98.9971
1797.3312,99.0208
1799.2596,99.0468
1801.1881,99.0762
1803.1166,99.1084
1805.0450,99.1417
1806.9735,99.1745
1808.9020,99.206
1810.8304,99.2358
1812.7589,99.263
1814.6874,99.2853
1816.6158,99.2998
1818.5443,99.3048
1820.4728,99.3008
1822.4012,99.2906
1824.3297,99.2798
1826.2582,99.2756
1828.1866,99.286
1830.1151,99.3163
1832.0436,99.3653
1833.9720,99.4257
1835.9005,99.4869
1837.8290,99.5397
1839.7574,99.5791
1841.6859,99.6069
1843.6144,99.6321
1845.5428,99.6668
1847.4713,99.7175
1849.3998,99.7803
1851.3282,99.8439
1853.2567,99.8959
1855.1852,99.9292
1857.1136,99.9442
1859.0421,99.9481
1860.9706,99.9506
1862.8990,99.9591
1864.8275,99.9756
1866.7560,99.9976
1868.6844,100.021
1870.6129,100.043
1872.5414,100.064
1874.4698,100.085
1876.3983,100.107
1878.3268,100.128
1880.2552,100.146
1882.1837,100.161
1884.1122,100.169
1886.0406,100.171
1887.9691,100.168
1889.8976,100.164
1891.8260,100.163
1893.7545,100.17
1895.6830,100.184
1897.6115,100.201
1899.5399,100.214
1901.4684,100.217
1903.3969,100.207
1905.3253,100.188
1907.2538,100.168
1909.1823,100.157
1911.1107,100.16
1913.0392,100.175
1914.9677,100.196
1916.8961,100.216
1918.8246,100.232
1920.7531,100.247
1922.6815,100.267
1924.6100,100.299
1926.5385,100.34
1928.4669,100.378
1930.3954,100.398
1932.3239,100.39
1934.2523,100.358
1936.1808,100.316
1938.1093,100.284
1940.0377,100.276
1941.9662,100.289
1943.8947,100.309
1945.8231,100.318
1947.7516,100.308
1949.6801,100.288
1951.6085,100.279
1953.5370,100.298
1955.4655,100.351
1957.3939,100.43
1959.3224,100.516
1961.2509,100.592
1963.1793,100.648
1965.1078,100.692
1967.0363,100.733
1968.9647,100.776
1970.8932,100.814
1972.8217,100.826
1974.7501,100.791
1976.6786,100.703
1978.6071,100.581
1980.5355,100.461
1982.4640,100.378
1984.3925,100.346
1986.3209,100.364
1988.2494,100.413
1990.1779,100.476
1992.1063,100.54
1994.0348,100.606
1995.9633,100.681
1997.8917,100.774
1999.8202,100.882
2001.7487,100.995
2003.6771,101.094
2005.6056,101.167
2007.5341,101.21
2009.4625,101.228
2011.3910,101.231
2013.3195,101.227
2015.2479,101.219
2017.1764,101.213
2019.1049,101.218
2021.0333,101.242
2022.9618,101.282
2024.8903,101.32
2026.8187,101.324
2028.7472,101.262
2030.6757,101.126
2032.6041,100.941
2034.5326,100.752
2036.4611,100.599
2038.3895,100.49
2040.3180,100.401
2042.2465,100.303
2044.1749,100.18
2046.1034,100.045
2048.0320,99.9329
2049.9604,99.8677
2051.8889,99.8516
2053.8174,99.8645
2055.7458,99.8795
2057.6743,99.879
2059.6028,99.8624
2061.5313,99.8432
2063.4597,99.8363
2065.3882,99.8455
2067.3167,99.8587
2069.2451,99.8561
2071.1736,99.8238
2073.1021,99.7642
2075.0305,99.6953
2076.9590,99.641
2078.8875,99.6185
2080.8159,99.6311
2082.7444,99.6685
2084.6729,99.714
2086.6013,99.7516
2088.5298,99.772
2090.4583,99.7726
2092.3867,99.7568
2094.3152,99.7307
2096.2437,99.7003
2098.1721,99.6688
2100.1006,99.6365
2102.0291,99.6028
2103.9575,99.5691
2105.8860,99.5414
2107.8145,99.5293
2109.7429,99.5413
2111.6714,99.5798
2113.5999,99.6398
2115.5283,99.7113
2117.4568,99.7856
2119.3853,99.8597
2121.3137,99.9371
2123.2422,100.024
2125.1707,100.121
2127.0991,100.223
2129.0276,100.318
2130.9561,100.392
2132.8845,100.44
2134.8130,100.466
2136.7415,100.486
2138.6699,100.516
2140.5984,100.566
2142.5269,100.636
2144.4553,100.721
2146.3838,100.818
2148.3123,100.922
2150.2407,101.023
2152.1692,101.094
2154.0977,101.088
2156.0261,100.956
2157.9546,100.686
2159.8831,100.334
2161.8115,100.007
2163.7400,99.7833
2165.6685,99.6756
2167.5969,99.6426
2169.5254,99.6345
2171.4539,99.6194
2173.3823,99.5897
2175.3108,99.552
2177.2393,99.5116
2179.1677,99.4631
2181.0962,99.3952
2183.0247,99.3061
2184.9531,99.2124
2186.8816,99.1436
2188.8101,99.1225
2190.7385,99.1485
2192.6670,99.1958
2194.5955,99.2282
2196.5239,99.2197
2198.4524,99.1689
2200.3809,99.097
2202.3093,99.0328
2204.2378,98.9948
2206.1663,98.9835
2208.0947,98.9851
2210.0232,98.9843
2211.9517,98.9744
2213.8801,98.9597
2215.8086,98.9502
2217.7371,98.9533
2219.6655,98.9692
2221.5940,98.9908
2223.5225,99.0073
2225.4509,99.0101
2227.3794,98.9956
2229.3079,98.9674
2231.2363,98.9343
2233.1648,98.9066
2235.0933,98.8912
2237.0217,98.8881
2238.9502,98.8914
2240.8787,98.8927
2242.8071,98.8868
2244.7356,98.8741
2246.6641,98.8596
2248.5925,98.8482
2250.5210,98.8414
2252.4495,98.8365
2254.3779,98.8293
2256.3064,98.8173
2258.2349,98.8011
2260.1633,98.7835
2262.0918,98.7666
2264.0203,98.7508
2265.9487,98.7358
2267.8772,98.7216
2269.8057,98.7088
2271.7341,98.6968
2273.6626,98.6828
2275.5911,98.662
2277.5195,98.6308
2279.4480,98.5902
2281.3765,98.5468
2283.3049,98.5105
2285.2334,98.4903
2287.1619,98.4906
2289.0903,98.5098
2291.0188,98.5426
2292.9473,98.5822
2294.8757,98.6229
2296.8042,98.6606
2298.7327,98.6921
2300.6611,98.7143
2302.5896,98.7246
2304.5181,98.7218
2306.4465,98.7084
2308.3750,98.6893
2310.3035,98.6689
2312.2319,98.6476
2314.1604,98.6207
2316.0889,98.5826
2318.0173,98.5341
2319.9458,98.4867
2321.8743,98.4609
2323.8027,98.475
2325.7312,98.5338
2327.6597,98.6239
2329.5881,98.72
2331.5166,98.7971
2333.4451,98.8422
2335.3735,98.857
2337.3020,98.8542
2339.2305,98.8489
2341.1589,98.8498
2343.0874,98.8569
2345.0159,98.8652
2346.9443,98.8699
2348.8728,98.8684
2350.8013,98.8583
2352.7297,98.8373
2354.6582,98.8052
2356.5867,98.7678
2358.5151,98.7398
2360.4436,98.7349
2362.3721,98.7484
2364.3005,98.7622
2366.2290,98.7651
2368.1575,98.7614
2370.0859,98.7624
2372.0144,98.7752
2373.9429,98.7988
2375.8713,98.8267
2377.7998,98.8521
2379.7283,98.8709
2381.6567,98.8825
2383.5852,98.8884
2385.5137,98.8907
2387.4421,98.891
2389.3706,98.89
2391.2991,98.8873
2393.2275,98.8826
2395.1560,98.8757
2397.0845,98.8668
2399.0129,98.8568
2400.9414,98.8464
2402.8699,98.8356
2404.7983,98.8242
2406.7268,98.8116
2408.6553,98.7981
2410.5837,98.7848
2412.5122,98.7742
2414.4407,98.7687
2416.3691,98.7694
2418.2976,98.7752
2420.2261,98.7824
2422.1545,98.7867
2424.0830,98.7846
2426.0115,98.7756
2427.9399,98.7617
2429.8684,98.7458
2431.7969,98.73
2433.7253,98.7148
2435.6538,98.6991
2437.5823,98.6825
2439.5107,98.6659
2441.4392,98.6511
2443.3677,98.6394
2445.2961,98.6302
2447.2246,98.6218
2449.1531,98.6118
2451.0815,98.5997
2453.0100,98.5871
2454.9385,98.5766
2456.8669,98.57
2458.7954,98.5677
2460.7239,98.5678
2462.6523,98.5679
2464.5808,98.5665
2466.5093,98.563
2468.4377,98.5577
2470.3662,98.5506
2472.2947,98.5409
2474.2231,98.5271
2476.1516,98.5082
2478.0801,98.4849
2480.0085,98.4602
2481.9370,98.4383
2483.8655,98.423
2485.7939,98.4156
2487.7224,98.4141
2489.6509,98.4145
2491.5793,98.4127
2493.5078,98.407
2495.4363,98.3983
2497.3647,98.389
2499.2932,98.3811
2501.2217,98.3743
2503.1501,98.3669
2505.0786,98.3565
2507.0071,98.3427
2508.9355,98.3275
2510.8640,98.3142
2512.7925,98.3058
2514.7209,98.3034
2516.6494,98.3057
2518.5779,98.3097
2520.5063,98.3121
2522.4348,98.3109
2524.3633,98.3062
2526.2917,98.2999
2528.2202,98.2946
2530.1487,98.2919
2532.0771,98.291
2534.0056,98.289
2535.9341,98.2825
2537.8625,98.2697
2539.7910,98.2525
2541.7195,98.2358
2543.6479,98.2245
2545.5764,98.2209
2547.5049,98.223
2549.4333,98.2259
2551.3618,98.2255
2553.2903,98.2208
2555.2188,98.2143
2557.1472,98.2099
2559.0757,98.2098
2561.0042,98.2129
2562.9326,98.216
2564.8611,98.216
2566.7896,98.2116
2568.7180,98.2041
2570.6465,98.1958
2572.5750,98.188
2574.5034,98.1815
2576.4319,98.1758
2578.3604,98.1711
2580.2888,98.1677
2582.2173,98.1662
2584.1458,98.1673
2586.0742,98.1708
2588.0027,98.1766
2589.9312,98.1838
2591.8596,98.1912
2593.7881,98.1968
2595.7166,98.1986
2597.6450,98.1954
2599.5735,98.1883
2601.5020,98.1796
2603.4304,98.1725
2605.3589,98.1687
2607.2874,98.1676
2609.2158,98.167
2611.1443,98.1643
2613.0728,98.1582
2615.0012,98.1499
2616.9297,98.1417
2618.8582,98.1362
2620.7866,98.1344
2622.7151,98.1357
2624.6436,98.1379
2626.5720,98.1388
2628.5005,98.1373
2630.4290,98.1336
2632.3574,98.129
2634.2859,98.1252
2636.2144,98.1232
2638.1428,98.1229
2640.0713,98.1237
2641.9998,98.1247
2643.9282,98.1254
2645.8567,98.1264
2647.7852,98.1285
2649.7136,98.1324
2651.6421,98.1385
2653.5706,98.1468
2655.4990,98.1574
2657.4275,98.1705
2659.3560,98.1864
2661.2844,98.2047
2663.2129,98.2241
2665.1414,98.2425
2667.0698,98.2574
2668.9983,98.267
2670.9268,98.2709
2672.8552,98.2702
2674.7837,98.2664
2676.7122,98.2612
2678.6406,98.2555
2680.5691,98.2501
2682.4976,98.2453
2684.4260,98.2418
2686.3545,98.2399
2688.2830,98.2396
2690.2114,98.2406
2692.1399,98.2417
2694.0684,98.242
2695.9968,98.2409
2697.9253,98.2379
2699.8538,98.2331
2701.7822,98.2267
2703.7107,98.2188
2705.6392,98.2098
2707.5676,98.2002
2709.4961,98.191
2711.4246,98.1831
2713.3530,98.1771
2715.2815,98.1729
2717.2100,98.1694
2719.1384,98.1653
2721.0669,98.1592
2722.9954,98.1507
2724.9238,98.1406
2726.8523,98.1299
2728.7808,98.1197
2730.7092,98.1104
2732.6377,98.1016
2734.5662,98.0928
2736.4946,98.0838
2738.4231,98.0748
2740.3516,98.0667
2742.2800,98.0599
2744.2085,98.0545
2746.1370,98.0501
2748.0654,98.0458
2749.9939,98.041
2751.9224,98.0353
2753.8508,98.0291
2755.7793,98.0226
2757.7078,98.0163
2759.6362,98.0104
2761.5647,98.0052
2763.4932,98.0005
2765.4216,97.9959
2767.3501,97.9905
2769.2786,97.9837
2771.2070,97.9749
2773.1355,97.9645
2775.0640,97.9535
2776.9924,97.9429
2778.9209,97.9334
2780.8494,97.9245
2782.7778,97.9152
2784.7063,97.9044
2786.6348,97.8919
2788.5632,97.878
2790.4917,97.8637
2792.4202,97.8498
2794.3486,97.8361
2796.2771,97.822
2798.2056,97.8069
2800.1340,97.7911
2802.0625,97.7759
2803.9910,97.7632
2805.9194,97.7539
2807.8479,97.7476
2809.7764,97.7427
2811.7048,97.7372
2813.6333,97.7296
2815.5618,97.72
2817.4902,97.7091
2819.4187,97.6979
2821.3472,97.6865
2823.2756,97.6743
2825.2041,97.6603
2827.1326,97.6438
2829.0610,97.6245
2830.9895,97.6023
2832.9180,97.5773
2834.8464,97.549
2836.7749,97.5166
2838.7034,97.4791
2840.6318,97.4352
2842.5603,97.3837
2844.4888,97.3244
2846.4172,97.2582
2848.3457,97.1873
2850.2742,97.1152
2852.2026,97.0451
2854.1311,96.9791
2856.0596,96.9177
2857.9880,96.8602
2859.9165,96.8063
2861.8450,96.7566
2863.7734,96.7121
2865.7019,96.6741
2867.6304,96.6424
2869.5588,96.6159
2871.4873,96.5924
2873.4158,96.5701
2875.3442,96.5485
2877.2727,96.5284
2879.2012,96.5112
2881.1296,96.4982
2883.0581,96.4894
2884.9866,96.4834
2886.9150,96.4774
2888.8435,96.4682
2890.7720,96.4529
2892.7004,96.4295
2894.6289,96.3963
2896.5574,96.3529
2898.4858,96.2998
2900.4143,96.2399
2902.3428,96.1798
2904.2712,96.1291
2906.1997,96.0989
2908.1282,96.0981
2910.0566,96.1302
2911.9851,96.1918
2913.9136,96.2728
2915.8420,96.3601
2917.7705,96.441
2919.6990,96.5065
2921.6274,96.5524
2923.5559,96.5794
2925.4844,96.591
2927.4128,96.5923
2929.3413,96.5875
2931.2698,96.5792
2933.1982,96.5683
2935.1267,96.5538
2937.0552,96.5338
2938.9836,96.5064
2940.9121,96.4697
2942.8406,96.4222
2944.7690,96.363
2946.6975,96.2915
2948.6260,96.2078
2950.5544,96.1134
2952.4829,96.0108
2954.4114,95.9027
2956.3398,95.7918
2958.2683,95.6802
2960.1968,95.5704
2962.1252,95.4662
2964.0537,95.374
2965.9822,95.3021
2967.9106,95.2594
2969.8391,95.2527
2971.7676,95.285
2973.6960,95.3549
2975.6245,95.4573
2977.5530,95.5846
2979.4814,95.7277
2981.4099,95.8774
2983.3384,96.0256
2985.2668,96.1656
2987.1953,96.2933
2989.1238,96.4073
2991.0522,96.5079
2992.9807,96.5968
2994.9092,96.6757
2996.8376,96.7458
2998.7661,96.8084
3000.6946,96.8655
3002.6230,96.9195
3004.5515,96.9734
3006.4800,97.029
3008.4084,97.0867
3010.3369,97.1451
3012.2654,97.202
3014.1938,97.2556
3016.1223,97.3049
3018.0508,97.35
3019.9792,97.3913
3021.9077,97.4287
3023.8362,97.4618
3025.7646,97.49
3027.6931,97.5131
3029.6216,97.5314
3031.5500,97.5458
3033.4785,97.5568
3035.4070,97.5637
3037.3354,97.564
3039.2639,97.554
3041.1924,97.5301
3043.1208,97.4906
3045.0493,97.4375
3046.9778,97.3767
3048.9063,97.3171
3050.8347,97.2672
3052.7632,97.2329
3054.6917,97.2151
3056.6201,97.2103
3058.5486,97.2129
3060.4771,97.2179
3062.4055,97.2231
3064.3340,97.229
3066.2625,97.2372
3068.1909,97.2484
3070.1194,97.2613
3072.0479,97.2729
3073.9763,97.2805
3075.9048,97.2837
3077.8333,97.2846
3079.7617,97.2874
3081.6902,97.2965
3083.6187,97.3136
3085.5471,97.3372
3087.4756,97.3626
3089.4041,97.3836
3091.3325,97.3952
3093.2610,97.3951
3095.1895,97.3847
3097.1179,97.3689
3099.0464,97.3538
3100.9749,97.3448
3102.9033,97.3452
3104.8318,97.3553
3106.7603,97.3734
3108.6887,97.3967
3110.6172,97.4225
3112.5457,97.4482
3114.4741,97.4712
3116.4026,97.4891
3118.3311,97.4997
3120.2595,97.5024
3122.1880,97.4989
3124.1165,97.4929
3126.0449,97.4891
3127.9734,97.4915
3129.9019,97.5018
3131.8303,97.5185
3133.7588,97.5377
3135.6873,97.5549
3137.6157,97.5675
3139.5442,97.5752
3141.4727,97.5802
3143.4011,97.5852
3145.3296,97.5917
3147.2581,97.5992
3149.1865,97.6059
3151.1150,97.6094
3153.0435,97.6087
3154.9719,97.6045
3156.9004,97.5983
3158.8289,97.5922
3160.7573,97.5871
3162.6858,97.5837
3164.6143,97.5816
3166.5427,97.5807
3168.4712,97.5803
3170.3997,97.5799
3172.3281,97.5789
3174.2566,97.5768
3176.1851,97.5731
3178.1135,97.5679
3180.0420,97.5611
3181.9705,97.5529
3183.8989,97.544
3185.8274,97.535
3187.7559,97.5274
3189.6843,97.522
3191.6128,97.5193
3193.5413,97.5189
3195.4697,97.5197
3197.3982,97.5206
3199.3267,97.5204
3201.2551,97.5187
3203.1836,97.5154
3205.1121,97.5107
3207.0405,97.505
3208.9690,97.4988
3210.8975,97.4927
3212.8259,97.4868
3214.7544,97.4814
3216.6829,97.4766
3218.6113,97.4725
3220.5398,97.4696
3222.4683,97.4681
3224.3967,97.4677
3226.3252,97.4674
3228.2537,97.4657
3230.1821,97.4618
3232.1106,97.4561
3234.0391,97.4503
3235.9675,97.4467
3237.8960,97.4465
3239.8245,97.4493
3241.7529,97.4534
3243.6814,97.4561
3245.6099,97.4558
3247.5383,97.4521
3249.4668,97.4464
3251.3953,97.4406
3253.3237,97.4359
3255.2522,97.4329
3257.1807,97.4312
3259.1091,97.4304
3261.0376,97.4305
3262.9661,97.4314
3264.8945,97.4328
3266.8230,97.4336
3268.7515,97.432
3270.6799,97.4262
3272.6084,97.4159
3274.5369,97.4024
3276.4653,97.3887
3278.3938,97.3779
3280.3223,97.3717
3282.2507,97.3703
3284.1792,97.3715
3286.1077,97.3727
3288.0361,97.3715
3289.9646,97.3671
3291.8931,97.3603
3293.8215,97.353
3295.7500,97.3476
3297.6785,97.3455
3299.6069,97.3472
3301.5354,97.3516
3303.4639,97.3564
3305.3923,97.3593
3307.3208,97.3587
3309.2493,97.3544
3311.1777,97.3483
3313.1062,97.3429
3315.0347,97.3402
3316.9631,97.3403
3318.8916,97.3412
3320.8201,97.3396
3322.7485,97.3333
3324.6770,97.3221
3326.6055,97.3088
3328.5339,97.2974
3330.4624,97.2912
3332.3909,97.2913
3334.3193,97.2963
3336.2478,97.3035
3338.1763,97.31
3340.1047,97.3145
3342.0332,97.3172
3343.9617,97.3191
3345.8901,97.3211
3347.8186,97.3234
3349.7471,97.3254
3351.6755,97.326
3353.6040,97.3245
3355.5325,97.321
3357.4609,97.3163
3359.3894,97.312
3361.3179,97.3096
3363.2463,97.3093
3365.1748,97.3102
3367.1033,97.3109
3369.0317,97.3098
3370.9602,97.3064
3372.8887,97.3012
3374.8171,97.2954
3376.7456,97.2898
3378.6741,97.2846
3380.6025,97.2793
3382.5310,97.2739
3384.4595,97.2682
3386.3879,97.2627
3388.3164,97.2577
3390.2449,97.253
3392.1733,97.2482
3394.1018,97.2422
3396.0303,97.2338
3397.9587,97.2219
3399.8872,97.2056
3401.8157,97.1851
3403.7441,97.1613
3405.6726,97.1359
3407.6011,97.11
3409.5295,97.0832
3411.4580,97.0535
3413.3865,97.0186
3415.3149,96.9772
3417.2434,96.931
3419.1719,96.8845
3421.1003,96.8437
3423.0288,96.8137
3424.9573,96.7971
3426.8857,96.7931
3428.8142,96.7988
3430.7427,96.8101
3432.6711,96.8237
3434.5996,96.8369
3436.5281,96.8489
3438.4565,96.8602
3440.3850,96.8725
3442.3135,96.8881
3444.2419,96.9089
3446.1704,96.9356
3448.0989,96.9673
3450.0273,97.0022
3451.9558,97.0375
3453.8843,97.0706
3455.8127,97.0987
3457.7412,97.1201
3459.6697,97.1344
3461.5981,97.1429
3463.5266,97.1491
3465.4551,97.157
3467.3835,97.1688
3469.3120,97.1843
3471.2405,97.2002
3473.1689,97.2125
3475.0974,97.2184
3477.0259,97.2182
3478.9543,97.2145
3480.8828,97.211
3482.8113,97.2106
3484.7397,97.2138
3486.6682,97.2186
3488.5967,97.2222
3490.5251,97.2222
3492.4536,97.2172
3494.3821,97.2078
3496.3105,97.1955
3498.2390,97.1826
3500.1675,97.1714
3502.0959,97.163
3504.0244,97.1578
3505.9529,97.1554
3507.8813,97.1554
3509.8098,97.158
3511.7383,97.1628
3513.6667,97.168
3515.5952,97.1702
3517.5237,97.1653
3519.4521,97.1504
3521.3806,97.1271
3523.3091,97.1015
3525.2375,97.0826
3527.1660,97.0776
3529.0945,97.0878
3531.0229,97.1077
3532.9514,97.1285
3534.8799,97.1422
3536.8083,97.1444
3538.7368,97.1351
3540.6653,97.1169
3542.5938,97.0943
3544.5222,97.0725
3546.4507,97.0571
3548.3792,97.0531
3550.3076,97.0627
3552.2361,97.0835
3554.1646,97.1079
3556.0930,97.1256
3558.0215,97.1274
3559.9500,97.109
3561.8784,97.0741
3563.8069,97.0354
3565.7354,97.0114
3567.6638,97.0159
3569.5923,97.0492
3571.5208,97.0987
3573.4492,97.1484
3575.3777,97.1867
3577.3062,97.2087
3579.2346,97.2142
3581.1631,97.2057
3583.0916,97.1874
3585.0200,97.1647
3586.9485,97.1436
3588.8770,97.1292
3590.8054,97.124
3592.7339,97.1272
3594.6624,97.1355
3596.5908,97.1446
3598.5193,97.1504
3600.4478,97.1497
3602.3762,97.1409
3604.3047,97.1234
3606.2332,97.098
3608.1616,97.067
3610.0901,97.035
3612.0186,97.0084
3613.9470,96.9939
3615.8755,96.9954
3617.8040,97.0111
3619.7324,97.0334
3621.6609,97.052
3623.5894,97.0581
3625.5178,97.0477
3627.4463,97.0253
3629.3748,97.0047
3631.3032,97.0012
3633.2317,97.021
3635.1602,97.0565
3637.0886,97.0933
3639.0171,97.1172
3640.9456,97.1181
3642.8740,97.0905
3644.8025,97.0364
3646.7310,96.9709
3648.6594,96.9222
3650.5879,96.9178
3652.5164,96.9633
3654.4448,97.0415
3656.3733,97.1277
3658.3018,97.2031
3660.2302,97.2572
3662.1587,97.2855
3664.0872,97.2866
3666.0156,97.2607
3667.9441,97.2094
3669.8726,97.1403
3671.8010,97.0723
3673.7295,97.0345
3675.6580,97.0462
3677.5864,97.098
3679.5149,97.162
3681.4434,97.2127
3683.3718,97.236
3685.3003,97.2302
3687.2288,97.2057
3689.1572,97.1838
3691.0857,97.185
3693.0142,97.2145
3694.9426,97.2609
3696.8711,97.3071
3698.7996,97.3394
3700.7280,97.3492
3702.6565,97.3324
3704.5850,97.2909
3706.5134,97.2339
3708.4419,97.1784
3710.3704,97.1434
3712.2988,97.138
3714.2273,97.1552
3716.1558,97.1778
3718.0842,97.1904
3720.0127,97.1868
3721.9412,97.17
3723.8696,97.1464
3725.7981,97.1197
3727.7266,97.087
3729.6550,97.0438
3731.5835,96.9928
3733.5120,96.9478
3735.4404,96.9262
3737.3689,96.9325
3739.2974,96.9521
3741.2258,96.9613
3743.1543,96.9426
3745.0828,96.8947
3747.0112,96.8364
3748.9397,96.7982
3750.8682,96.801
3752.7966,96.8406
3754.7251,96.8968
3756.6536,96.9499
3758.5820,96.9893
3760.5105,97.0127
3762.4390,97.0233
3764.3674,97.0281
3766.2959,97.0346
3768.2244,97.0479
3770.1528,97.0677
3772.0813,97.0883
3774.0098,97.1025
3775.9382,97.1053
3777.8667,97.0974
3779.7952,97.0852
3781.7236,97.0776
3783.6521,97.0807
3785.5806,97.0933
3787.5090,97.1082
3789.4375,97.1159
3791.3660,97.1087
3793.2944,97.0826
3795.2229,97.0381
3797.1514,96.9812
3799.0798,96.9246
3801.0083,96.8858
3802.9368,96.8783
3804.8652,96.9022
3806.7937,96.9439
3808.7222,96.9848
3810.6506,97.0092
3812.5791,97.0076
3814.5076,96.977
3816.4360,96.9235
3818.3645,96.8642
3820.2930,96.8226
3822.2214,96.8144
3824.1499,96.8372
3826.0784,96.8756
3828.0068,96.9109
3829.9353,96.9275
3831.8638,96.9157
3833.7922,96.8751
3835.7207,96.8205
3837.6492,96.7807
3839.5776,96.7804
3841.5061,96.819
3843.4346,96.8717
3845.3630,96.9098
3847.2915,96.914
3849.2200,96.8783
3851.1484,96.815
3853.0769,96.7551
3855.0054,96.7313
3856.9338,96.7488
3858.8623,96.7852
3860.7908,96.8149
3862.7192,96.8246
3864.6477,96.814
3866.5762,96.7938
3868.5046,96.7784
3870.4331,96.7772
3872.3616,96.7889
3874.2900,96.8053
3876.2185,96.8184
3878.1470,96.8243
3880.0754,96.8232
3882.0039,96.8174
3883.9324,96.8115
3885.8608,96.8103
3887.7893,96.8172
3889.7178,96.8314
3891.6462,96.847
3893.5747,96.8551
3895.5032,96.8464
3897.4316,96.8167
3899.3601,96.7725
3901.2886,96.7326
3903.2170,96.7196
3905.1455,96.742
3907.0740,96.787
3909.0024,96.8327
3910.9309,96.8617
3912.8594,96.8672
3914.7878,96.853
3916.7163,96.8306
3918.6448,96.8123
3920.5732,96.804
3922.5017,96.8023
3924.4302,96.8
3926.3586,96.7931
3928.2871,96.7845
3930.2156,96.7809
3932.1440,96.7871
3934.0725,96.8011
3936.0010,96.8154
3937.9294,96.8216
3939.8579,96.8159
3941.7864,96.8006
3943.7148,96.7828
3945.6433,96.7709
3947.5718,96.7695
3949.5002,96.7773
3951.4287,96.789
3953.3572,96.7984
3955.2856,96.8016
3957.2141,96.7988
3959.1426,96.7925
3961.0710,96.7865
3962.9995,96.7828
3964.9280,96.7813
3966.8564,96.78
3968.7849,96.7771
3970.7134,96.7725
3972.6418,96.7683
3974.5703,96.7672
3976.4988,96.7705
3978.4272,96.777
3980.3557,96.783
3982.2842,96.7849
3984.2126,96.781
3986.1411,96.772
3988.0696,96.7605
3989.9980,96.7494
3991.9265,96.7402
3993.8550,96.7333
3995.7834,96.7281
3997.7119,96.7242
3999.6404,96.721
4001.5688,96.7186
