TITLE SAMPLE NAME:,Polypropylene (medicine containers-plastics caps-containers-makeup packaging)
DATA TYPE:,Infrared Spectrum
MEASUREMENT INFORMATION:,Spectrophotometer
MODEL NAME:,FT/IR ATR-4X JASSCO Type A
SERIAL No:,A009662111
ACCESSORY:,ATR PRO 4x
LIGHT SOURCE:,DLATGS Standard
RESOLUTION:,8 cm-1
XUNITS/ HORIZONTAL AXIS:,Wavenumber [cm-1]
YUNITS/ VERTICAL AXIS:,Transmittance %T
FIRSTX:,399
FIRSTY:,0
LASTX:,4000
LASTY:,120
NPOINTS:,1884
399.1927,100.999
401.1211,100.293
403.0496,99.6783
404.9781,99.218
406.9065,98.9373
408.8350,98.8102
410.7635,98.7654
412.6919,98.706
414.6204,98.5437
416.5489,98.2414
418.4773,97.8429
420.4058,97.4549
422.3343,97.1778
424.2627,97.0483
426.1912,97.0385
428.1197,97.0868
430.0481,97.1249
431.9766,97.0958
433.9051,96.9694
435.8335,96.7548
437.7620,96.4968
439.6905,96.2511
441.6189,96.0499
443.5474,95.8795
445.4759,95.6877
447.4043,95.4184
449.3328,95.0515
451.2613,94.6221
453.1897,94.2121
455.1182,93.9171
457.0467,93.7983
458.9751,93.8448
460.9036,93.9787
462.8321,94.1085
464.7605,94.1859
466.6890,94.2236
468.6175,94.274
470.5459,94.3862
472.4744,94.57
474.4029,94.786
476.3313,94.9708
478.2598,95.0723
480.1883,95.0699
482.1167,94.9741
484.0452,94.8166
485.9737,94.6401
487.9021,94.4884
489.8306,94.3948
491.7591,94.3711
493.6875,94.4014
495.6160,94.4479
497.5445,94.4667
499.4729,94.4293
501.4014,94.3381
503.3299,94.2268
505.2583,94.1403
507.1868,94.1079
509.1153,94.1267
511.0437,94.1658
512.9722,94.1853
514.9007,94.1586
516.8292,94.0852
518.7576,93.9888
520.6861,93.9021
522.6146,93.848
524.5430,93.83
526.4715,93.8358
528.4000,93.8481
530.3284,93.8558
532.2569,93.857
534.1854,93.8563
536.1138,93.8583
538.0423,93.8635
539.9708,93.8691
541.8992,93.8728
543.8277,93.8768
545.7562,93.8875
547.6846,93.9119
549.6131,93.9518
551.5416,94.0007
553.4700,94.0455
555.3985,94.0712
557.3270,94.0674
559.2554,94.0328
561.1839,93.9751
563.1124,93.9078
565.0408,93.8445
566.9693,93.7946
568.8978,93.7606
570.8262,93.7388
572.7547,93.7228
574.6832,93.707
576.6116,93.6896
578.5401,93.6723
580.4686,93.659
582.3970,93.6519
584.3255,93.6501
586.2540,93.6496
588.1824,93.6452
590.1109,93.6332
592.0394,93.613
593.9678,93.5881
595.8963,93.5654
597.8248,93.5529
599.7532,93.5573
601.6817,93.5801
603.6102,93.6154
605.5386,93.6509
607.4671,93.6721
609.3956,93.6683
611.3240,93.6383
613.2525,93.5915
615.1810,93.5447
617.1094,93.5146
619.0379,93.51
620.9664,93.5278
622.8948,93.5558
624.8233,93.5796
626.7518,93.59
628.6802,93.5863
630.6087,93.5751
632.5372,93.5644
634.4656,93.5587
636.3941,93.5552
638.3226,93.5458
640.2510,93.5219
642.1795,93.4805
644.1080,93.4266
646.0364,93.3721
647.9649,93.3306
649.8934,93.3107
651.8218,93.3124
653.7503,93.3263
655.6788,93.3381
657.6072,93.3351
659.5357,93.3108
661.4642,93.2649
663.3926,93.2036
665.3211,93.1401
667.2496,93.0945
669.1780,93.0851
671.1065,93.1131
673.0350,93.1611
674.9634,93.2068
676.8919,93.2369
678.8204,93.2499
680.7488,93.2525
682.6773,93.2555
684.6058,93.2666
686.5342,93.2864
688.4627,93.3092
690.3912,93.3291
692.3196,93.3438
694.2481,93.3559
696.1766,93.3699
698.1050,93.3898
700.0335,93.4169
701.9620,93.4491
703.8904,93.477
705.8189,93.481
707.7474,93.4326
709.6758,93.3037
711.6043,93.0841
713.5328,92.7954
715.4612,92.4927
717.3897,92.2471
719.3182,92.1138
721.2466,92.1048
723.1751,92.1869
725.1036,92.3087
727.0320,92.4363
728.9605,92.57
730.8890,92.7347
732.8174,92.9524
734.7459,93.2192
736.6744,93.5033
738.6028,93.7625
740.5313,93.9669
742.4598,94.1116
744.3882,94.2108
746.3167,94.2844
748.2452,94.3453
750.1736,94.3974
752.1021,94.4399
754.0306,94.4731
755.9590,94.4993
757.8875,94.5215
759.8160,94.5408
761.7444,94.5558
763.6729,94.5652
765.6014,94.5687
767.5298,94.5678
769.4583,94.5643
771.3868,94.5596
773.3152,94.5538
775.2437,94.5465
777.1722,94.5373
779.1006,94.5254
781.0291,94.5093
782.9576,94.4857
784.8860,94.4502
786.8145,94.3992
788.7430,94.3327
790.6714,94.2542
792.5999,94.1667
794.5284,94.065
796.4568,93.9314
798.3853,93.7408
800.3138,93.4777
802.2422,93.1545
804.1707,92.8217
806.0992,92.5562
808.0276,92.4336
809.9561,92.4961
811.8846,92.733
813.8130,93.0845
815.7415,93.4653
817.6700,93.7967
819.5984,94.0321
821.5269,94.1665
823.4554,94.2256
825.3839,94.2406
827.3123,94.2211
829.2408,94.1423
831.1693,93.9572
833.0977,93.632
835.0262,93.1856
836.9547,92.7068
838.8831,92.3311
840.8116,92.184
842.7401,92.3211
844.6685,92.6995
846.5970,93.1993
848.5255,93.6813
850.4539,94.0472
852.3824,94.2689
854.3109,94.3781
856.2393,94.43
858.1678,94.4693
860.0963,94.5154
862.0247,94.5669
863.9532,94.6152
865.8817,94.6547
867.8101,94.6852
869.7386,94.7104
871.6671,94.7352
873.5955,94.7645
875.5240,94.8015
877.4525,94.8472
879.3809,94.8998
881.3094,94.9537
883.2379,94.9973
885.1663,95.0102
887.0948,94.9628
889.0233,94.8255
890.9517,94.586
892.8802,94.2679
894.8087,93.9369
896.7371,93.6838
898.6656,93.5902
900.5941,93.6915
902.5225,93.9605
904.4510,94.3194
906.3795,94.6751
908.3079,94.9568
910.2364,95.1365
912.1649,95.2257
914.0934,95.2555
916.0219,95.2561
917.9503,95.2459
919.8788,95.2323
921.8073,95.2179
923.7357,95.2044
925.6642,95.1919
927.5927,95.1756
929.5211,95.1464
931.4496,95.0954
933.3781,95.021
935.3065,94.9323
937.2350,94.8471
939.1635,94.7846
941.0919,94.7573
943.0204,94.766
944.9489,94.8001
946.8773,94.841
948.8058,94.8686
950.7343,94.8684
952.6627,94.8358
954.5912,94.7763
956.5197,94.6947
958.4481,94.5788
960.3766,94.3873
962.3051,94.0572
964.2335,93.5371
966.1620,92.8333
968.0905,92.0411
970.0189,91.3326
971.9474,90.897
973.8759,90.8597
975.8043,91.226
977.7328,91.8798
979.6613,92.6358
981.5897,93.3106
983.5182,93.773
985.4467,93.9575
987.3751,93.8538
989.3036,93.4961
991.2321,92.9641
993.1605,92.3835
995.0890,91.9076
997.0175,91.6738
998.9459,91.7508
1000.8744,92.108
1002.8029,92.6273
1004.7313,93.157
1006.6598,93.5756
1008.5883,93.8309
1010.5167,93.9394
1012.4452,93.9542
1014.3737,93.928
1016.3021,93.8927
1018.2306,93.8591
1020.1591,93.8272
1022.0875,93.7947
1024.0160,93.7601
1025.9445,93.7213
1027.8729,93.6751
1029.8014,93.6183
1031.7299,93.5494
1033.6583,93.4698
1035.5868,93.3829
1037.5153,93.2944
1039.4437,93.2122
1041.3722,93.1465
1043.3007,93.1081
1045.2291,93.1053
1047.1576,93.1403
1049.0861,93.2074
1051.0145,93.2953
1052.9430,93.3902
1054.8715,93.48
1056.7999,93.5566
1058.7284,93.6166
1060.6569,93.6599
1062.5853,93.6881
1064.5138,93.7035
1066.4423,93.7069
1068.3707,93.6984
1070.2992,93.6766
1072.2277,93.6403
1074.1561,93.5897
1076.0846,93.5266
1078.0131,93.4542
1079.9415,93.3763
1081.8700,93.2961
1083.7985,93.2153
1085.7269,93.1332
1087.6554,93.0456
1089.5839,92.9452
1091.5123,92.8237
1093.4408,92.6765
1095.3693,92.5091
1097.2977,92.3389
1099.2262,92.1922
1101.1547,92.095
1103.0831,92.0623
1105.0116,92.0911
1106.9401,92.1616
1108.8685,92.246
1110.7970,92.3196
1112.7255,92.3695
1114.6539,92.3964
1116.5824,92.4112
1118.5109,92.4283
1120.4393,92.4597
1122.3678,92.5117
1124.2963,92.5843
1126.2247,92.672
1128.1532,92.7653
1130.0817,92.853
1132.0101,92.9234
1133.9386,92.9664
1135.8671,92.9736
1137.7955,92.9383
1139.7240,92.8559
1141.6525,92.7244
1143.5809,92.547
1145.5094,92.3353
1147.4379,92.1101
1149.3663,91.8972
1151.2948,91.7175
1153.2233,91.5759
1155.1517,91.4559
1157.0802,91.3273
1159.0087,91.165
1160.9371,90.9726
1162.8656,90.7941
1164.7941,90.7049
1166.7225,90.7816
1168.6510,91.0649
1170.5795,91.5366
1172.5079,92.1227
1174.4364,92.7216
1176.3649,93.2421
1178.2933,93.6326
1180.2218,93.8894
1182.1503,94.0438
1184.0787,94.1379
1186.0072,94.2054
1187.9357,94.2632
1189.8641,94.3146
1191.7926,94.3577
1193.7211,94.3902
1195.6495,94.4121
1197.5780,94.4244
1199.5065,94.4279
1201.4349,94.4224
1203.3634,94.4066
1205.2919,94.3788
1207.2203,94.3368
1209.1488,94.2793
1211.0773,94.2084
1213.0057,94.1308
1214.9342,94.0581
1216.8627,94.0038
1218.7911,93.9785
1220.7196,93.9856
1222.6481,94.0201
1224.5765,94.0701
1226.5050,94.1216
1228.4335,94.1631
1230.3619,94.1878
1232.2904,94.194
1234.2189,94.1833
1236.1473,94.1588
1238.0758,94.1227
1240.0043,94.076
1241.9327,94.0166
1243.8612,93.9402
1245.7897,93.8431
1247.7181,93.726
1249.6466,93.599
1251.5751,93.4819
1253.5035,93.3999
1255.4320,93.3741
1257.3605,93.4126
1259.2889,93.5051
1261.2174,93.6273
1263.1459,93.7506
1265.0743,93.8536
1267.0028,93.9275
1268.9313,93.9747
1270.8597,94.0021
1272.7882,94.0157
1274.7167,94.0187
1276.6451,94.0117
1278.5736,93.9946
1280.5021,93.9661
1282.4305,93.9236
1284.3590,93.8636
1286.2875,93.784
1288.2159,93.6867
1290.1444,93.5783
1292.0729,93.4684
1294.0013,93.3671
1295.9298,93.2833
1297.8583,93.2249
1299.7867,93.1998
1301.7152,93.2147
1303.6437,93.2714
1305.5721,93.3624
1307.5006,93.4697
1309.4291,93.5693
1311.3575,93.6401
1313.2860,93.6708
1315.2145,93.662
1317.1429,93.6223
1319.0714,93.5609
1320.9999,93.4844
1322.9283,93.3981
1324.8568,93.3098
1326.7853,93.2298
1328.7137,93.1666
1330.6422,93.1208
1332.5707,93.0836
1334.4991,93.0411
1336.4276,92.9822
1338.3561,92.9031
1340.2845,92.8025
1342.2130,92.6705
1344.1415,92.4787
1346.0699,92.1819
1347.9984,91.733
1349.9269,91.1066
1351.8553,90.325
1353.7838,89.4724
1355.7123,88.6839
1357.6407,88.0957
1359.5692,87.7562
1361.4977,87.5288
1363.4261,87.0695
1365.3546,85.9459
1367.2831,83.8697
1369.2115,80.9214
1371.1400,77.6512
1373.0685,74.9703
1374.9969,73.8015
1376.9254,74.6301
1378.8539,77.2622
1380.7823,80.9617
1382.7108,84.821
1384.6393,88.1056
1386.5677,90.437
1388.4962,91.8049
1390.4247,92.447
1392.3531,92.6752
1394.2816,92.7363
1396.2101,92.7599
1398.1385,92.7837
1400.0670,92.806
1401.9955,92.821
1403.9240,92.8257
1405.8524,92.8137
1407.7809,92.7732
1409.7094,92.694
1411.6378,92.5747
1413.5663,92.427
1415.4948,92.2747
1417.4232,92.1463
1419.3517,92.057
1421.2802,91.9873
1423.2086,91.8783
1425.1371,91.6535
1427.0656,91.2517
1428.9940,90.654
1430.9225,89.9024
1432.8510,89.0988
1434.7794,88.3589
1436.7079,87.7241
1438.6364,87.1067
1440.5648,86.3344
1442.4933,85.2623
1444.4218,83.8595
1446.3502,82.2241
1448.2787,80.5359
1450.2072,78.9868
1452.1356,77.7333
1454.0641,76.8927
1455.9926,76.5615
1457.9210,76.8021
1459.8495,77.5917
1461.7780,78.8104
1463.7064,80.3075
1465.6349,81.9724
1467.5634,83.7517
1469.4918,85.6155
1471.4203,87.5025
1473.3488,89.2851
1475.2772,90.8093
1477.2057,91.9814
1479.1342,92.8031
1481.0626,93.3329
1482.9911,93.642
1484.9196,93.7982
1486.8480,93.8686
1488.7765,93.9158
1490.7050,93.9837
1492.6334,94.0811
1494.5619,94.1836
1496.4904,94.2544
1498.4188,94.2635
1500.3473,94.1965
1502.2758,94.0584
1504.2042,93.8798
1506.1327,93.7178
1508.0612,93.6285
1509.9896,93.6235
1511.9181,93.6626
1513.8466,93.6909
1515.7750,93.6755
1517.7035,93.6193
1519.6320,93.5594
1521.5604,93.547
1523.4889,93.6082
1525.4174,93.7202
1527.3458,93.832
1529.2743,93.8986
1531.2028,93.8937
1533.1312,93.8071
1535.0597,93.643
1536.9882,93.4291
1538.9166,93.231
1540.8451,93.1395
1542.7736,93.2001
1544.7020,93.3595
1546.6305,93.5165
1548.5590,93.5985
1550.4874,93.5765
1552.4159,93.4528
1554.3444,93.2591
1556.2728,93.066
1558.2013,92.9634
1560.1298,92.9894
1562.0582,93.094
1563.9867,93.1955
1565.9152,93.2422
1567.8436,93.2207
1569.7721,93.1434
1571.7006,93.0385
1573.6290,92.9417
1575.5575,92.8819
1577.4860,92.8662
1579.4144,92.879
1581.3429,92.8951
1583.2714,92.8934
1585.1998,92.864
1587.1283,92.8081
1589.0568,92.7358
1590.9852,92.662
1592.9137,92.5998
1594.8422,92.5562
1596.7706,92.5305
1598.6991,92.5174
1600.6276,92.5117
1602.5560,92.5101
1604.4845,92.5116
1606.4130,92.5146
1608.3414,92.5154
1610.2699,92.508
1612.1984,92.4874
1614.1268,92.4526
1616.0553,92.4112
1617.9838,92.3791
1619.9122,92.3738
1621.8407,92.4031
1623.7692,92.457
1625.6976,92.5123
1627.6261,92.5438
1629.5546,92.5376
1631.4830,92.4992
1633.4115,92.4546
1635.3400,92.4381
1637.2684,92.4668
1639.1969,92.524
1641.1254,92.5708
1643.0538,92.5726
1644.9823,92.518
1646.9108,92.4292
1648.8392,92.3657
1650.7677,92.4043
1652.6962,92.5799
1654.6246,92.8484
1656.5531,93.1266
1658.4816,93.3534
1660.4100,93.5052
1662.3385,93.5839
1664.2670,93.6056
1666.1954,93.5993
1668.1239,93.6025
1670.0524,93.6469
1671.9808,93.7371
1673.9093,93.8456
1675.8378,93.9343
1677.7662,93.9819
1679.6947,93.999
1681.6232,94.0267
1683.5516,94.1144
1685.4801,94.2785
1687.4086,94.4825
1689.3370,94.6645
1691.2655,94.7771
1693.1940,94.8029
1695.1224,94.7553
1697.0509,94.6829
1698.9794,94.6623
1700.9078,94.7527
1702.8363,94.9412
1704.7648,95.1564
1706.6932,95.3286
1708.6217,95.4195
1710.5502,95.4218
1712.4786,95.3564
1714.4071,95.274
1716.3356,95.2434
1718.2640,95.3099
1720.1925,95.4547
1722.1210,95.611
1724.0494,95.7142
1725.9779,95.7298
1727.9064,95.6539
1729.8348,95.5091
1731.7633,95.3436
1733.6918,95.2166
1735.6202,95.1635
1737.5487,95.1727
1739.4772,95.2042
1741.4056,95.2274
1743.3341,95.2404
1745.2626,95.2669
1747.1910,95.3405
1749.1195,95.4823
1751.0480,95.6861
1752.9764,95.9225
1754.9049,96.1569
1756.8334,96.3639
1758.7618,96.5298
1760.6903,96.6479
1762.6188,96.716
1764.5472,96.7368
1766.4757,96.7207
1768.4042,96.6887
1770.3326,96.6681
1772.2611,96.6828
1774.1896,96.7399
1776.1180,96.8259
1778.0465,96.9174
1779.9750,96.9933
1781.9034,97.0413
1783.8319,97.0574
1785.7604,97.0431
1787.6888,97.0049
1789.6173,96.955
1791.5458,96.9108
1793.4742,96.8901
1795.4027,96.9044
1797.3312,96.9526
1799.2596,97.022
1801.1881,97.0951
1803.1166,97.158
1805.0450,97.2053
1806.9735,97.2408
1808.9020,97.2735
1810.8304,97.3116
1812.7589,97.3564
1814.6874,97.3995
1816.6158,97.4251
1818.5443,97.4175
1820.4728,97.3688
1822.4012,97.2865
1824.3297,97.1939
1826.2582,97.1243
1828.1866,97.1058
1830.1151,97.1444
1832.0436,97.2199
1833.9720,97.2971
1835.9005,97.3453
1837.8290,97.3495
1839.7574,97.3147
1841.6859,97.263
1843.6144,97.2262
1845.5428,97.2292
1847.4713,97.2764
1849.3998,97.3511
1851.3282,97.4291
1853.2567,97.4908
1855.1852,97.5263
1857.1136,97.5328
1859.0421,97.5112
1860.9706,97.4644
1862.8990,97.4
1864.8275,97.333
1866.7560,97.2861
1868.6844,97.281
1870.6129,97.3256
1872.5414,97.4066
1874.4698,97.4969
1876.3983,97.5697
1878.3268,97.6097
1880.2552,97.6151
1882.1837,97.5943
1884.1122,97.5598
1886.0406,97.5237
1887.9691,97.4951
1889.8976,97.48
1891.8260,97.4818
1893.7545,97.4998
1895.6830,97.5291
1897.6115,97.5616
1899.5399,97.5889
1901.4684,97.6067
1903.3969,97.6161
1905.3253,97.6219
1907.2538,97.6291
1909.1823,97.6387
1911.1107,97.6471
1913.0392,97.6496
1914.9677,97.6445
1916.8961,97.6368
1918.8246,97.6368
1920.7531,97.6552
1922.6815,97.6979
1924.6100,97.7621
1926.5385,97.838
1928.4669,97.9127
1930.3954,97.9744
1932.3239,98.015
1934.2523,98.0314
1936.1808,98.026
1938.1093,98.0069
1940.0377,97.9862
1941.9662,97.9765
1943.8947,97.9869
1945.8231,98.0189
1947.7516,98.0671
1949.6801,98.1232
1951.6085,98.1802
1953.5370,98.2344
1955.4655,98.2841
1957.3939,98.3283
1959.3224,98.3657
1961.2509,98.3956
1963.1793,98.4203
1965.1078,98.4431
1967.0363,98.4653
1968.9647,98.4817
1970.8932,98.4793
1972.8217,98.4421
1974.7501,98.3606
1976.6786,98.242
1978.6071,98.1096
1980.5355,97.9918
1982.4640,97.9073
1984.3925,97.8603
1986.3209,97.8437
1988.2494,97.8466
1990.1779,97.8603
1992.1063,97.8827
1994.0348,97.9189
1995.9633,97.9788
1997.8917,98.0708
1999.8202,98.1958
2001.7487,98.343
2003.6771,98.4905
2005.6056,98.6115
2007.5341,98.6868
2009.4625,98.7151
2011.3910,98.713
2013.3195,98.7027
2015.2479,98.6967
2017.1764,98.692
2019.1049,98.6757
2021.0333,98.6373
2022.9618,98.5773
2024.8903,98.5067
2026.8187,98.4389
2028.7472,98.3824
2030.6757,98.3388
2032.6041,98.3065
2034.5326,98.2846
2036.4611,98.272
2038.3895,98.2624
2040.3180,98.2431
2042.2465,98.2003
2044.1749,98.129
2046.1034,98.0388
2048.0320,97.9507
2049.9604,97.8847
2051.8889,97.8499
2053.8174,97.8422
2055.7458,97.8507
2057.6743,97.8641
2059.6028,97.8747
2061.5313,97.8795
2063.4597,97.878
2065.3882,97.8702
2067.3167,97.8567
2069.2451,97.8393
2071.1736,97.8208
2073.1021,97.8041
2075.0305,97.7894
2076.9590,97.7745
2078.8875,97.7562
2080.8159,97.7347
2082.7444,97.7148
2084.6729,97.7042
2086.6013,97.7094
2088.5298,97.7305
2090.4583,97.7607
2092.3867,97.7886
2094.3152,97.8049
2096.2437,97.8066
2098.1721,97.7989
2100.1006,97.7894
2102.0291,97.7827
2103.9575,97.7766
2105.8860,97.7656
2107.8145,97.7461
2109.7429,97.7212
2111.6714,97.7001
2113.5999,97.6938
2115.5283,97.7092
2117.4568,97.747
2119.3853,97.8029
2121.3137,97.8702
2123.2422,97.9422
2125.1707,98.0136
2127.0991,98.0788
2129.0276,98.1323
2130.9561,98.1689
2132.8845,98.1869
2134.8130,98.1895
2136.7415,98.1845
2138.6699,98.1816
2140.5984,98.1898
2142.5269,98.2178
2144.4553,98.2761
2146.3838,98.3762
2148.3123,98.5227
2150.2407,98.702
2152.1692,98.8739
2154.0977,98.9754
2156.0261,98.944
2157.9546,98.7618
2159.8831,98.4889
2161.8115,98.2357
2163.7400,98.0843
2165.6685,98.0437
2167.5969,98.0735
2169.5254,98.1279
2171.4539,98.1803
2173.3823,98.2241
2175.3108,98.2599
2177.2393,98.2838
2179.1677,98.286
2181.0962,98.2607
2183.0247,98.217
2184.9531,98.178
2186.8816,98.1663
2188.8101,98.1881
2190.7385,98.2293
2192.6670,98.2656
2194.5955,98.2787
2196.5239,98.2664
2198.4524,98.2396
2200.3809,98.2118
2202.3093,98.1882
2204.2378,98.1641
2206.1663,98.1319
2208.0947,98.09
2210.0232,98.0466
2211.9517,98.0146
2213.8801,98.0032
2215.8086,98.0107
2217.7371,98.0256
2219.6655,98.0323
2221.5940,98.02
2223.5225,97.9878
2225.4509,97.9448
2227.3794,97.9053
2229.3079,97.8816
2231.2363,97.878
2233.1648,97.889
2235.0933,97.9024
2237.0217,97.9059
2238.9502,97.8928
2240.8787,97.8646
2242.8071,97.8279
2244.7356,97.7902
2246.6641,97.7563
2248.5925,97.7274
2250.5210,97.7029
2252.4495,97.6826
2254.3779,97.6665
2256.3064,97.6539
2258.2349,97.6416
2260.1633,97.6254
2262.0918,97.6022
2264.0203,97.5724
2265.9487,97.5398
2267.8772,97.5093
2269.8057,97.4833
2271.7341,97.4606
2273.6626,97.4368
2275.5911,97.4068
2277.5195,97.3679
2279.4480,97.3198
2281.3765,97.265
2283.3049,97.2069
2285.2334,97.1488
2287.1619,97.0933
2289.0903,97.042
2291.0188,96.9947
2292.9473,96.9499
2294.8757,96.9042
2296.8042,96.8535
2298.7327,96.7933
2300.6611,96.7204
2302.5896,96.634
2304.5181,96.5367
2306.4465,96.4338
2308.3750,96.3305
2310.3035,96.2278
2312.2319,96.1196
2314.1604,95.9951
2316.0889,95.845
2318.0173,95.6704
2319.9458,95.4863
2321.8743,95.3186
2323.8027,95.1914
2325.7312,95.1158
2327.6597,95.0845
2329.5881,95.077
2331.5166,95.0686
2333.4451,95.043
2335.3735,95.0003
2337.3020,94.9603
2339.2305,94.9537
2341.1589,95.0003
2343.0874,95.0899
2345.0159,95.1886
2346.9443,95.2624
2348.8728,95.2897
2350.8013,95.2589
2352.7297,95.1648
2354.6582,95.0107
2356.5867,94.8217
2358.5151,94.6554
2360.4436,94.5806
2362.3721,94.6267
2364.3005,94.7725
2366.2290,94.9825
2368.1575,95.2326
2370.0859,95.5074
2372.0144,95.7935
2373.9429,96.078
2375.8713,96.3497
2377.7998,96.5996
2379.7283,96.8206
2381.6567,97.0083
2383.5852,97.1608
2385.5137,97.2787
2387.4421,97.3651
2389.3706,97.4247
2391.2991,97.4634
2393.2275,97.4874
2395.1560,97.5015
2397.0845,97.5087
2399.0129,97.5099
2400.9414,97.5053
2402.8699,97.4956
2404.7983,97.4828
2406.7268,97.4696
2408.6553,97.4577
2410.5837,97.4472
2412.5122,97.436
2414.4407,97.4214
2416.3691,97.4023
2418.2976,97.3803
2420.2261,97.3592
2422.1545,97.3431
2424.0830,97.3346
2426.0115,97.3335
2427.9399,97.3373
2429.8684,97.3428
2431.7969,97.3477
2433.7253,97.3507
2435.6538,97.3516
2437.5823,97.3497
2439.5107,97.3445
2441.4392,97.3359
2443.3677,97.3252
2445.2961,97.3149
2447.2246,97.3075
2449.1531,97.3042
2451.0815,97.3047
2453.0100,97.3076
2454.9385,97.3116
2456.8669,97.3161
2458.7954,97.3208
2460.7239,97.3246
2462.6523,97.3257
2464.5808,97.3223
2466.5093,97.314
2468.4377,97.3033
2470.3662,97.2941
2472.2947,97.2898
2474.2231,97.2909
2476.1516,97.2944
2478.0801,97.2949
2480.0085,97.2878
2481.9370,97.272
2483.8655,97.2504
2485.7939,97.2283
2487.7224,97.2112
2489.6509,97.202
2491.5793,97.2
2493.5078,97.2021
2495.4363,97.2036
2497.3647,97.2
2499.2932,97.1883
2501.2217,97.1676
2503.1501,97.1399
2505.0786,97.1105
2507.0071,97.086
2508.9355,97.0725
2510.8640,97.0721
2512.7925,97.0812
2514.7209,97.0928
2516.6494,97.0992
2518.5779,97.0971
2520.5063,97.0891
2522.4348,97.0819
2524.3633,97.0819
2526.2917,97.0901
2528.2202,97.102
2530.1487,97.1094
2532.0771,97.1056
2534.0056,97.0891
2535.9341,97.0637
2537.8625,97.0362
2539.7910,97.0123
2541.7195,96.9941
2543.6479,96.9797
2545.5764,96.9652
2547.5049,96.9466
2549.4333,96.9215
2551.3618,96.8907
2553.2903,96.8574
2555.2188,96.8264
2557.1472,96.8012
2559.0757,96.7828
2561.0042,96.768
2562.9326,96.7515
2564.8611,96.7276
2566.7896,96.694
2568.7180,96.6522
2570.6465,96.6067
2572.5750,96.5627
2574.5034,96.5237
2576.4319,96.4908
2578.3604,96.4633
2580.2888,96.44
2582.2173,96.4201
2584.1458,96.4032
2586.0742,96.3898
2588.0027,96.3807
2589.9312,96.3772
2591.8596,96.3806
2593.7881,96.3905
2595.7166,96.4038
2597.6450,96.4144
2599.5735,96.4149
2601.5020,96.4
2603.4304,96.3691
2605.3589,96.3275
2607.2874,96.2844
2609.2158,96.2492
2611.1443,96.2274
2613.0728,96.219
2615.0012,96.2193
2616.9297,96.2218
2618.8582,96.2215
2620.7866,96.2169
2622.7151,96.2097
2624.6436,96.2032
2626.5720,96.1997
2628.5005,96.1994
2630.4290,96.2005
2632.3574,96.1996
2634.2859,96.1937
2636.2144,96.1816
2638.1428,96.1638
2640.0713,96.1426
2641.9998,96.1208
2643.9282,96.1004
2645.8567,96.082
2647.7852,96.0649
2649.7136,96.0479
2651.6421,96.0304
2653.5706,96.0134
2655.4990,95.9992
2657.4275,95.9904
2659.3560,95.9889
2661.2844,95.9946
2663.2129,96.0049
2665.1414,96.0161
2667.0698,96.0243
2668.9983,96.0274
2670.9268,96.0259
2672.8552,96.0219
2674.7837,96.0177
2676.7122,96.0145
2678.6406,96.012
2680.5691,96.0087
2682.4976,96.0037
2684.4260,95.9973
2686.3545,95.9907
2688.2830,95.985
2690.2114,95.9797
2692.1399,95.9728
2694.0684,95.9613
2695.9968,95.9426
2697.9253,95.9158
2699.8538,95.8824
2701.7822,95.8445
2703.7107,95.8041
2705.6392,95.761
2707.5676,95.7122
2709.4961,95.653
2711.4246,95.5795
2713.3530,95.4916
2715.2815,95.3955
2717.2100,95.3032
2719.1384,95.2295
2721.0669,95.1866
2722.9954,95.1796
2724.9238,95.2051
2726.8523,95.2533
2728.7808,95.3119
2730.7092,95.3708
2732.6377,95.424
2734.5662,95.4694
2736.4946,95.5061
2738.4231,95.5337
2740.3516,95.551
2742.2800,95.5577
2744.2085,95.5551
2746.1370,95.546
2748.0654,95.5343
2749.9939,95.523
2751.9224,95.5137
2753.8508,95.5065
2755.7793,95.5003
2757.7078,95.4935
2759.6362,95.4847
2761.5647,95.4728
2763.4932,95.4574
2765.4216,95.4386
2767.3501,95.4163
2769.2786,95.3897
2771.2070,95.357
2773.1355,95.3159
2775.0640,95.2644
2776.9924,95.2015
2778.9209,95.1275
2780.8494,95.0432
2782.7778,94.9497
2784.7063,94.8478
2786.6348,94.7387
2788.5632,94.6246
2790.4917,94.5077
2792.4202,94.3893
2794.3486,94.268
2796.2771,94.1394
2798.2056,93.9969
2800.1340,93.8339
2802.0625,93.6478
2803.9910,93.441
2805.9194,93.2208
2807.8479,92.9949
2809.7764,92.7663
2811.7048,92.5295
2813.6333,92.2713
2815.5618,91.9751
2817.4902,91.6223
2819.4187,91.1869
2821.3472,90.6235
2823.2756,89.8593
2825.2041,88.8055
2827.1326,87.3964
2829.0610,85.6451
2830.9895,83.6848
2832.9180,81.7623
2834.8464,80.1695
2836.7749,79.1372
2838.7034,78.7437
2840.6318,78.891
2842.5603,79.3661
2844.4888,79.9515
2846.4172,80.5207
2848.3457,81.0581
2850.2742,81.5982
2852.2026,82.1289
2854.1311,82.5354
2856.0596,82.6351
2857.9880,82.285
2859.9165,81.4839
2861.8450,80.3961
2863.7734,79.2815
2865.7019,78.3798
2867.6304,77.817
2869.5588,77.5826
2871.4873,77.5767
2873.4158,77.6883
2875.3442,77.8519
2877.2727,78.0552
2879.2012,78.3052
2881.1296,78.5883
2883.0581,78.8541
2884.9866,79.0284
2886.9150,79.0405
2888.8435,78.8423
2890.7720,78.4115
2892.7004,77.7438
2894.6289,76.8471
2896.5574,75.7428
2898.4858,74.4673
2900.4143,73.0654
2902.3428,71.5736
2904.2712,70.0066
2906.1997,68.3638
2908.1282,66.6593
2910.0566,64.9626
2911.9851,63.4217
2913.9136,62.2467
2915.8420,61.6545
2917.7705,61.7976
2919.6990,62.7096
2921.6274,64.2955
2923.5559,66.37
2925.4844,68.7212
2927.4128,71.1636
2929.3413,73.5521
2931.2698,75.7575
2933.1982,77.6313
2935.1267,78.9943
2937.0552,79.6683
2938.9836,79.543
2940.9121,78.6488
2942.8406,77.1927
2944.7690,75.5305
2946.6975,74.0733
2948.6260,73.1626
2950.5544,72.9689
2952.4829,73.4606
2954.4114,74.4571
2956.3398,75.7353
2958.2683,77.1328
2960.1968,78.5927
2962.1252,80.1377
2964.0537,81.8016
2965.9822,83.5711
2967.9106,85.3715
2969.8391,87.0965
2971.7676,88.6524
2973.6960,89.9879
2975.6245,91.0962
2977.5530,91.9999
2979.4814,92.7315
2981.4099,93.3217
2983.3384,93.7962
2985.2668,94.1761
2987.1953,94.4796
2989.1238,94.7221
2991.0522,94.9161
2992.9807,95.0718
2994.9092,95.1977
2996.8376,95.3011
2998.7661,95.3873
3000.6946,95.4602
3002.6230,95.5217
3004.5515,95.5731
3006.4800,95.6157
3008.4084,95.6511
3010.3369,95.6814
3012.2654,95.7082
3014.1938,95.7327
3016.1223,95.7552
3018.0508,95.7753
3019.9792,95.792
3021.9077,95.8045
3023.8362,95.8126
3025.7646,95.8168
3027.6931,95.8185
3029.6216,95.8195
3031.5500,95.8217
3033.4785,95.8263
3035.4070,95.8329
3037.3354,95.8397
3039.2639,95.8437
3041.1924,95.8426
3043.1208,95.8357
3045.0493,95.8247
3046.9778,95.8129
3048.9063,95.8031
3050.8347,95.7963
3052.7632,95.7913
3054.6917,95.7854
3056.6201,95.7763
3058.5486,95.7637
3060.4771,95.7489
3062.4055,95.7349
3064.3340,95.7244
3066.2625,95.7186
3068.1909,95.7172
3070.1194,95.7179
3072.0479,95.7179
3073.9763,95.7154
3075.9048,95.71
3077.8333,95.7031
3079.7617,95.6967
3081.6902,95.6921
3083.6187,95.6888
3085.5471,95.6848
3087.4756,95.678
3089.4041,95.6669
3091.3325,95.652
3093.2610,95.6354
3095.1895,95.6193
3097.1179,95.6053
3099.0464,95.5936
3100.9749,95.5832
3102.9033,95.5727
3104.8318,95.5615
3106.7603,95.55
3108.6887,95.5391
3110.6172,95.5294
3112.5457,95.5204
3114.4741,95.5113
3116.4026,95.501
3118.3311,95.4891
3120.2595,95.476
3122.1880,95.4622
3124.1165,95.4479
3126.0449,95.4332
3127.9734,95.4181
3129.9019,95.4032
3131.8303,95.3894
3133.7588,95.3772
3135.6873,95.3661
3137.6157,95.3545
3139.5442,95.3406
3141.4727,95.3232
3143.4011,95.3031
3145.3296,95.2824
3147.2581,95.2633
3149.1865,95.2472
3151.1150,95.2338
3153.0435,95.2219
3154.9719,95.2097
3156.9004,95.1961
3158.8289,95.181
3160.7573,95.1644
3162.6858,95.1464
3164.6143,95.1266
3166.5427,95.1044
3168.4712,95.0795
3170.3997,95.0528
3172.3281,95.0262
3174.2566,95.0021
3176.1851,94.9818
3178.1135,94.9652
3180.0420,94.9504
3181.9705,94.9351
3183.8989,94.9171
3185.8274,94.8956
3187.7559,94.8708
3189.6843,94.8437
3191.6128,94.8153
3193.5413,94.7868
3195.4697,94.7598
3197.3982,94.7361
3199.3267,94.7168
3201.2551,94.7017
3203.1836,94.6888
3205.1121,94.6751
3207.0405,94.6582
3208.9690,94.6382
3210.8975,94.6171
3212.8259,94.5987
3214.7544,94.5859
3216.6829,94.5798
3218.6113,94.5792
3220.5398,94.5817
3222.4683,94.5848
3224.3967,94.5869
3226.3252,94.5873
3228.2537,94.5855
3230.1821,94.5811
3232.1106,94.5733
3234.0391,94.5619
3235.9675,94.5471
3237.8960,94.5299
3239.8245,94.512
3241.7529,94.4956
3243.6814,94.4823
3245.6099,94.4727
3247.5383,94.4652
3249.4668,94.4568
3251.3953,94.4443
3253.3237,94.4264
3255.2522,94.405
3257.1807,94.3848
3259.1091,94.3704
3261.0376,94.3639
3262.9661,94.3627
3264.8945,94.3612
3266.8230,94.3533
3268.7515,94.3363
3270.6799,94.3124
3272.6084,94.2873
3274.5369,94.2667
3276.4653,94.2537
3278.3938,94.2474
3280.3223,94.2442
3282.2507,94.2409
3284.1792,94.2358
3286.1077,94.2297
3288.0361,94.2239
3289.9646,94.2196
3291.8931,94.2168
3293.8215,94.2149
3295.7500,94.2134
3297.6785,94.2124
3299.6069,94.2119
3301.5354,94.2112
3303.4639,94.2088
3305.3923,94.203
3307.3208,94.1929
3309.2493,94.1799
3311.1777,94.1666
3313.1062,94.1561
3315.0347,94.1499
3316.9631,94.1473
3318.8916,94.1457
3320.8201,94.1422
3322.7485,94.1347
3324.6770,94.1233
3326.6055,94.1097
3328.5339,94.0957
3330.4624,94.0832
3332.3909,94.0731
3334.3193,94.066
3336.2478,94.0622
3338.1763,94.0615
3340.1047,94.063
3342.0332,94.065
3343.9617,94.0655
3345.8901,94.0629
3347.8186,94.0571
3349.7471,94.0489
3351.6755,94.04
3353.6040,94.0322
3355.5325,94.0262
3357.4609,94.0222
3359.3894,94.0199
3361.3179,94.0189
3363.2463,94.0191
3365.1748,94.0205
3367.1033,94.0235
3369.0317,94.0286
3370.9602,94.0357
3372.8887,94.0437
3374.8171,94.0515
3376.7456,94.0577
3378.6741,94.0619
3380.6025,94.0648
3382.5310,94.0675
3384.4595,94.0706
3386.3879,94.0739
3388.3164,94.0764
3390.2449,94.0778
3392.1733,94.0789
3394.1018,94.0816
3396.0303,94.0872
3397.9587,94.0957
3399.8872,94.1052
3401.8157,94.1135
3403.7441,94.1193
3405.6726,94.1232
3407.6011,94.1265
3409.5295,94.1304
3411.4580,94.1347
3413.3865,94.1383
3415.3149,94.1412
3417.2434,94.1454
3419.1719,94.1543
3421.1003,94.1711
3423.0288,94.1966
3424.9573,94.2289
3426.8857,94.2644
3428.8142,94.2998
3430.7427,94.3329
3432.6711,94.3622
3434.5996,94.3859
3436.5281,94.4018
3438.4565,94.409
3440.3850,94.4093
3442.3135,94.4085
3444.2419,94.4142
3446.1704,94.4319
3448.0989,94.4618
3450.0273,94.4982
3451.9558,94.5332
3453.8843,94.5614
3455.8127,94.5818
3457.7412,94.5979
3459.6697,94.6143
3461.5981,94.6342
3463.5266,94.6578
3465.4551,94.6833
3467.3835,94.709
3469.3120,94.7339
3471.2405,94.7573
3473.1689,94.7784
3475.0974,94.7963
3477.0259,94.8108
3478.9543,94.8241
3480.8828,94.8406
3482.8113,94.8653
3484.7397,94.901
3486.6682,94.9468
3488.5967,94.9967
3490.5251,95.0426
3492.4536,95.0771
3494.3821,95.096
3496.3105,95.1003
3498.2390,95.0953
3500.1675,95.0893
3502.0959,95.0907
3504.0244,95.1062
3505.9529,95.1394
3507.8813,95.1898
3509.8098,95.2525
3511.7383,95.3186
3513.6667,95.377
3515.5952,95.4175
3517.5237,95.4341
3519.4521,95.4279
3521.3806,95.4084
3523.3091,95.3911
3525.2375,95.3927
3527.1660,95.4239
3529.0945,95.484
3531.0229,95.5612
3532.9514,95.6377
3534.8799,95.6966
3536.8083,95.7277
3538.7368,95.73
3540.6653,95.7106
3542.5938,95.6829
3544.5222,95.6624
3546.4507,95.663
3548.3792,95.6927
3550.3076,95.7499
3552.2361,95.822
3554.1646,95.8877
3556.0930,95.9238
3558.0215,95.9138
3559.9500,95.8549
3561.8784,95.7639
3563.8069,95.6767
3565.7354,95.6376
3567.6638,95.6761
3569.5923,95.7883
3571.5208,95.9392
3573.4492,96.0849
3575.3777,96.1914
3577.3062,96.242
3579.2346,96.2357
3581.1631,96.1837
3583.0916,96.1069
3585.0200,96.031
3586.9485,95.9802
3588.8770,95.9677
3590.8054,95.9918
3592.7339,96.0395
3594.6624,96.0948
3596.5908,96.146
3598.5193,96.1879
3600.4478,96.2187
3602.3762,96.2367
3604.3047,96.2383
3606.2332,96.2195
3608.1616,96.1805
3610.0901,96.1297
3612.0186,96.0844
3613.9470,96.0644
3615.8755,96.0818
3617.8040,96.1317
3619.7324,96.1938
3621.6609,96.2427
3623.5894,96.2617
3625.5178,96.2518
3627.4463,96.2371
3629.3748,96.2557
3631.3032,96.336
3633.2317,96.4725
3635.1602,96.6273
3637.0886,96.7537
3639.0171,96.8153
3640.9456,96.7924
3642.8740,96.6842
3644.8025,96.5154
3646.7310,96.3424
3648.6594,96.242
3650.5879,96.2686
3652.5164,96.4151
3654.4448,96.6246
3656.3733,96.8337
3658.3018,97.0005
3660.2302,97.1051
3662.1587,97.1401
3664.0872,97.1032
3666.0156,96.9954
3667.9441,96.8252
3669.8726,96.6205
3671.8010,96.4398
3673.7295,96.3579
3675.6580,96.413
3677.5864,96.5684
3679.5149,96.7449
3681.4434,96.8753
3683.3718,96.9261
3685.3003,96.8967
3687.2288,96.8181
3689.1572,96.746
3691.0857,96.7315
3693.0142,96.7874
3694.9426,96.8858
3696.8711,96.9852
3698.7996,97.0528
3700.7280,97.072
3702.6565,97.0405
3704.5850,96.9692
3706.5134,96.8808
3708.4419,96.8064
3710.3704,96.7737
3712.2988,96.7905
3714.2273,96.8379
3716.1558,96.8835
3718.0842,96.9004
3720.0127,96.8796
3721.9412,96.829
3723.8696,96.7635
3725.7981,96.6916
3727.7266,96.6098
3729.6550,96.5109
3731.5835,96.3998
3733.5120,96.3026
3735.4404,96.252
3737.3689,96.2587
3739.2974,96.299
3741.2258,96.3314
3743.1543,96.3245
3745.0828,96.2762
3747.0112,96.2187
3748.9397,96.2031
3750.8682,96.2621
3752.7966,96.3873
3754.7251,96.5424
3756.6536,96.6913
3758.5820,96.8113
3760.5105,96.8944
3762.4390,96.9442
3764.3674,96.973
3766.2959,96.998
3768.2244,97.0333
3770.1528,97.0818
3772.0813,97.133
3774.0098,97.1697
3775.9382,97.179
3777.8667,97.162
3779.7952,97.1347
3781.7236,97.1214
3783.6521,97.1389
3785.5806,97.1844
3787.5090,97.2364
3789.4375,97.2658
3791.3660,97.2482
3793.2944,97.1722
3795.2229,97.0426
3797.1514,96.8836
3799.0798,96.7366
3801.0083,96.6501
3802.9368,96.6547
3804.8652,96.7416
3806.7937,96.8661
3808.7222,96.9737
3810.6506,97.0231
3812.5791,96.9946
3814.5076,96.8925
3816.4360,96.7481
3818.3645,96.6168
3820.2930,96.5548
3822.2214,96.5837
3824.1499,96.6767
3826.0784,96.7819
3828.0068,96.852
3829.9353,96.8582
3831.8638,96.7937
3833.7922,96.6762
3835.7207,96.5518
3837.6492,96.4824
3839.5776,96.5075
3841.5061,96.611
3843.4346,96.7351
3845.3630,96.8222
3847.2915,96.8373
3849.2200,96.7741
3851.1484,96.6604
3853.0769,96.5567
3855.0054,96.5217
3856.9338,96.5623
3858.8623,96.6346
3860.7908,96.6884
3862.7192,96.6968
3864.6477,96.6619
3866.5762,96.6102
3868.5046,96.5785
3870.4331,96.5895
3872.3616,96.6368
3874.2900,96.6942
3876.2185,96.736
3878.1470,96.7504
3880.0754,96.7412
3882.0039,96.7247
3883.9324,96.7201
3885.8608,96.7404
3887.7893,96.7842
3889.7178,96.8359
3891.6462,96.8723
3893.5747,96.8727
3895.5032,96.8266
3897.4316,96.7408
3899.3601,96.6452
3901.2886,96.5882
3903.2170,96.6113
3905.1455,96.7166
3907.0740,96.8638
3909.0024,96.9997
3910.9309,97.086
3912.8594,97.1096
3914.7878,97.0805
3916.7163,97.0255
3918.6448,96.9753
3920.5732,96.9482
3922.5017,96.9433
3924.4302,96.9475
3926.3586,96.9504
3928.2871,96.9523
3930.2156,96.962
3932.1440,96.9876
3934.0725,97.0274
3936.0010,97.069
3937.9294,97.0965
3939.8579,97.0992
3941.7864,97.0779
3943.7148,97.0445
3945.6433,97.0167
3947.5718,97.0084
3949.5002,97.0227
3951.4287,97.0518
3953.3572,97.0829
3955.2856,97.1056
3957.2141,97.1164
3959.1426,97.1183
3961.0710,97.1174
3962.9995,97.1179
3964.9280,97.1198
3966.8564,97.1201
3968.7849,97.1165
3970.7134,97.1097
3972.6418,97.1036
3974.5703,97.1025
3976.4988,97.1085
3978.4272,97.1197
3980.3557,97.1319
3982.2842,97.1412
3984.2126,97.1461
3986.1411,97.1477
3988.0696,97.1481
3989.9980,97.1489
3991.9265,97.1507
3993.8550,97.1526
3995.7834,97.1538
3997.7119,97.1536
3999.6404,97.152
4001.5688,97.1491
