TITLE SAMPLE NAME:,Polystyrene (medicine-toys-disposable dishes)
DATA TYPE:,Infrared Spectrum
MEASUREMENT INFORMATION:,Spectrophotometer
MODEL NAME:,FT/IR ATR-4X JASSCO Type A
SERIAL No:,A009662111
ACCESSORY:,ATR PRO 4x
LIGHT SOURCE:,DLATGS Standard
RESOLUTION:,4 cm-1
XUNITS/ HORIZONTAL AXIS:,Wavenumber [cm-1]
YUNITS/ VERTICAL AXIS:,Transmittance %T
FIRSTX:,399
FIRSTY:,0
LASTX:,4000
LASTY:,120
NPOINTS:,3751
399.1927,93.1653
400.1569,93.5508
401.1211,94.0352
402.0854,94.5246
403.0496,94.9385
404.0138,95.2153
404.9781,95.331
405.9423,95.3179
406.9065,95.2555
407.8708,95.2246
408.8350,95.2576
409.7992,95.3265
410.7635,95.3757
411.7277,95.3719
412.6919,95.3292
413.6562,95.2879
414.6204,95.2726
415.5846,95.2688
416.5489,95.2298
417.5131,95.1132
418.4773,94.9386
419.4416,94.8044
420.4058,94.8034
421.3700,94.9379
422.3343,95.1415
423.2985,95.3413
424.2627,95.4896
425.2270,95.5708
426.1912,95.5957
427.1554,95.59
428.1197,95.5819
429.0839,95.5949
430.0481,95.6439
431.0124,95.731
431.9766,95.8426
432.9408,95.9534
433.9051,96.041
434.8693,96.1032
435.8335,96.1605
436.7978,96.2385
437.7620,96.3395
438.7262,96.43
439.6905,96.455
440.6547,96.3721
441.6189,96.1854
442.5832,95.956
443.5474,95.7749
444.5116,95.7091
445.4759,95.763
446.4401,95.8869
447.4043,96.0188
448.3686,96.1205
449.3328,96.1882
450.2970,96.2379
451.2613,96.2831
452.2255,96.3196
453.1897,96.3283
454.1540,96.2908
455.1182,96.2054
456.0824,96.0953
457.0467,96.0029
458.0109,95.9689
458.9751,96.0045
459.9394,96.0833
460.9036,96.1632
461.8678,96.2158
462.8321,96.2423
463.7963,96.2698
464.7605,96.3338
465.7248,96.4527
466.6890,96.6083
467.6532,96.7483
468.6175,96.8094
469.5817,96.75
470.5459,96.5737
471.5102,96.3363
472.4744,96.1237
473.4386,96.0084
474.4029,96.0136
475.3671,96.113
476.3313,96.2587
477.2956,96.4069
478.2598,96.5288
479.2240,96.6104
480.1883,96.6484
481.1525,96.6478
482.1167,96.6204
483.0810,96.5821
484.0452,96.5477
485.0094,96.5227
485.9737,96.5015
486.9379,96.472
487.9021,96.427
488.8664,96.3717
489.8306,96.3238
490.7948,96.3048
491.7591,96.3273
492.7233,96.3843
493.6875,96.4515
494.6518,96.4988
495.6160,96.5051
496.5802,96.4648
497.5445,96.3853
498.5087,96.2795
499.4729,96.1614
500.4372,96.0443
501.4014,95.9424
502.3656,95.8693
503.3299,95.8322
504.2941,95.8279
505.2583,95.8416
506.2226,95.8531
507.1868,95.8442
508.1510,95.8053
509.1153,95.738
510.0795,95.6518
511.0437,95.5587
512.0080,95.468
512.9722,95.385
513.9365,95.3114
514.9007,95.2455
515.8649,95.1814
516.8292,95.1098
517.7934,95.0215
518.7576,94.9145
519.7219,94.7972
520.6861,94.6848
521.6503,94.5892
522.6146,94.5108
523.5788,94.4354
524.5430,94.3385
525.5073,94.1955
526.4715,93.9963
527.4357,93.7515
528.4000,93.4854
529.3642,93.2216
530.3284,92.9733
531.2927,92.7426
532.2569,92.5269
533.2211,92.326
534.1854,92.1462
535.1496,91.9993
536.1138,91.8977
537.0781,91.85
538.0423,91.8593
539.0065,91.9229
539.9708,92.034
540.9350,92.1822
541.8992,92.3539
542.8635,92.5346
543.8277,92.7127
544.7919,92.883
545.7562,93.0492
546.7204,93.2202
547.6846,93.4036
548.6489,93.5988
549.6131,93.7959
550.5773,93.9807
551.5416,94.1419
552.5058,94.2768
553.4700,94.3906
554.4343,94.4926
555.3985,94.5906
556.3627,94.6882
557.3270,94.7856
558.2912,94.8817
559.2554,94.9754
560.2197,95.0663
561.1839,95.1537
562.1481,95.2366
563.1124,95.3151
564.0766,95.392
565.0408,95.4719
566.0051,95.5593
566.9693,95.6555
567.9335,95.7565
568.8978,95.8546
569.8620,95.9424
570.8262,96.0173
571.7905,96.0836
572.7547,96.1501
573.7189,96.226
574.6832,96.3168
575.6474,96.4218
576.6116,96.5349
577.5759,96.6476
578.5401,96.7525
579.5043,96.8453
580.4686,96.9246
581.4328,96.9913
582.3970,97.0469
583.3613,97.0932
584.3255,97.1315
585.2897,97.1613
586.2540,97.181
587.2182,97.1883
588.1824,97.1833
589.1467,97.1703
590.1109,97.1596
591.0751,97.1638
592.0394,97.1925
593.0036,97.246
593.9678,97.3138
594.9321,97.3787
595.8963,97.4253
596.8605,97.4458
597.8248,97.4424
598.7890,97.4243
599.7532,97.4027
600.7175,97.3862
601.6817,97.3787
602.6459,97.3809
603.6102,97.3924
604.5744,97.4117
605.5386,97.4356
606.5029,97.4581
607.4671,97.4713
608.4313,97.4691
609.3956,97.4497
610.3598,97.4168
611.3240,97.3778
612.2883,97.339
613.2525,97.3017
614.2167,97.2622
615.1810,97.2139
616.1452,97.1529
617.1094,97.0832
618.0737,97.017
619.0379,96.9702
620.0021,96.9541
620.9664,96.9701
621.9306,97.0094
622.8948,97.0566
623.8591,97.0963
624.8233,97.1189
625.7875,97.1244
626.7518,97.1214
627.7160,97.1212
628.6802,97.1321
629.6445,97.1561
630.6087,97.1891
631.5729,97.2243
632.5372,97.2553
633.5014,97.2792
634.4656,97.2965
635.4299,97.3108
636.3941,97.3258
637.3583,97.3436
638.3226,97.3636
639.2868,97.3825
640.2510,97.3958
641.2153,97.4006
642.1795,97.3966
643.1437,97.3866
644.1080,97.3752
645.0722,97.3662
646.0364,97.3606
647.0007,97.355
647.9649,97.3427
648.9291,97.3164
649.8934,97.2713
650.8576,97.2074
651.8218,97.1286
652.7861,97.041
653.7503,96.9508
654.7145,96.8643
655.6788,96.7867
656.6430,96.7205
657.6072,96.6626
658.5715,96.6027
659.5357,96.5272
660.4999,96.4273
661.4642,96.3075
662.4284,96.185
663.3926,96.0791
664.3569,96.002
665.3211,95.9553
666.2853,95.9283
667.2496,95.8933
668.2138,95.8138
669.1780,95.6816
670.1423,95.5321
671.1065,95.3969
672.0707,95.2783
673.0350,95.1634
673.9992,95.0378
674.9634,94.8916
675.9277,94.7219
676.8919,94.531
677.8561,94.3213
678.8204,94.0912
679.7846,93.8347
680.7488,93.546
681.7131,93.2216
682.6773,92.8601
683.6415,92.4577
684.6058,92.0047
685.5700,91.4843
686.5342,90.8777
687.4985,90.1727
688.4627,89.3749
689.4269,88.5164
690.3912,87.6563
691.3554,86.8714
692.3196,86.2403
693.2839,85.8261
694.2481,85.6663
695.2123,85.7689
696.1766,86.115
697.1408,86.6657
698.1050,87.3708
699.0693,88.1802
700.0335,89.0534
700.9977,89.963
701.9620,90.8919
702.9262,91.827
703.8904,92.7543
704.8547,93.6567
705.8189,94.5142
706.7831,95.3068
707.7474,96.0168
708.7116,96.6313
709.6758,97.1438
710.6401,97.5551
711.6043,97.8726
712.5685,98.1095
713.5328,98.2828
714.4970,98.4101
715.4612,98.5068
716.4255,98.5839
717.3897,98.6464
718.3539,98.6951
719.3182,98.7273
720.2824,98.7401
721.2466,98.732
722.2109,98.7044
723.1751,98.661
724.1393,98.6053
725.1036,98.5396
726.0678,98.463
727.0320,98.3717
727.9963,98.2595
728.9605,98.1191
729.9247,97.9443
730.8890,97.7311
731.8532,97.4797
732.8174,97.1939
733.7817,96.8815
734.7459,96.5515
735.7101,96.2117
736.6744,95.8657
737.6386,95.5123
738.6028,95.1475
739.5671,94.7686
740.5313,94.3781
741.4955,93.9871
742.4598,93.6137
743.4240,93.2795
744.3882,93.0033
745.3525,92.7967
746.3167,92.661
747.2809,92.5881
748.2452,92.5629
749.2094,92.567
750.1736,92.5829
751.1379,92.5981
752.1021,92.6079
753.0663,92.6164
754.0306,92.6344
754.9948,92.6753
755.9590,92.7504
756.9233,92.8652
757.8875,93.0183
758.8517,93.2029
759.8160,93.4093
760.7802,93.6282
761.7444,93.8523
762.7087,94.0778
763.6729,94.3044
764.6371,94.5341
765.6014,94.7698
766.5656,95.0137
767.5298,95.2658
768.4941,95.5235
769.4583,95.7826
770.4225,96.0389
771.3868,96.2891
772.3510,96.5312
773.3152,96.7638
774.2795,96.9845
775.2437,97.1902
776.2079,97.378
777.1722,97.5466
778.1364,97.6979
779.1006,97.8358
780.0649,97.9641
781.0291,98.0845
781.9933,98.1955
782.9576,98.2939
783.9218,98.3772
784.8860,98.4461
785.8503,98.5046
786.8145,98.5585
787.7787,98.6128
788.7430,98.67
789.7072,98.7294
790.6714,98.7882
791.6357,98.8434
792.5999,98.8921
793.5641,98.9332
794.5284,98.9665
795.4926,98.9936
796.4568,99.0165
797.4211,99.0374
798.3853,99.0577
799.3495,99.0777
800.3138,99.0972
801.2780,99.1156
802.2422,99.1326
803.2065,99.1479
804.1707,99.1605
805.1349,99.1692
806.0992,99.1731
807.0634,99.1729
808.0276,99.1713
808.9919,99.1717
809.9561,99.1766
810.9203,99.1853
811.8846,99.1948
812.8488,99.2017
813.8130,99.2046
814.7773,99.2052
815.7415,99.2071
816.7057,99.2124
817.6700,99.2206
818.6342,99.2276
819.5984,99.229
820.5627,99.2221
821.5269,99.208
822.4911,99.1898
823.4554,99.1717
824.4196,99.1563
825.3839,99.1444
826.3481,99.1357
827.3123,99.1295
828.2766,99.1241
829.2408,99.1171
830.2050,99.1042
831.1693,99.0808
832.1335,99.0434
833.0977,98.9914
834.0620,98.9277
835.0262,98.8577
835.9904,98.7878
836.9547,98.7237
837.9189,98.6699
838.8831,98.6292
839.8474,98.6032
840.8116,98.5918
841.7758,98.5933
842.7401,98.6056
843.7043,98.6277
844.6685,98.6599
845.6328,98.7038
846.5970,98.7597
847.5612,98.825
848.5255,98.8935
849.4897,98.9574
850.4539,99.0103
851.4182,99.0495
852.3824,99.0764
853.3466,99.0948
854.3109,99.1084
855.2751,99.1199
856.2393,99.1305
857.2036,99.1412
858.1678,99.1527
859.1320,99.1649
860.0963,99.176
861.0605,99.1837
862.0247,99.1854
862.9890,99.1808
863.9532,99.1718
864.9174,99.1619
865.8817,99.1537
866.8459,99.1482
867.8101,99.1439
868.7744,99.1385
869.7386,99.1309
870.7028,99.1209
871.6671,99.11
872.6313,99.0994
873.5955,99.0898
874.5598,99.081
875.5240,99.073
876.4882,99.0655
877.4525,99.0588
878.4167,99.0524
879.3809,99.0456
880.3452,99.0371
881.3094,99.0258
882.2736,99.0114
883.2379,98.9944
884.2021,98.9767
885.1663,98.9598
886.1306,98.9449
887.0948,98.9317
888.0590,98.9185
889.0233,98.9025
889.9875,98.8812
890.9517,98.8534
891.9160,98.8186
892.8802,98.7773
893.8444,98.7292
894.8087,98.6727
895.7729,98.6049
896.7371,98.5226
897.7014,98.424
898.6656,98.3097
899.6298,98.1834
900.5941,98.0517
901.5583,97.9229
902.5225,97.8065
903.4868,97.7114
904.4510,97.6449
905.4152,97.6114
906.3795,97.612
907.3437,97.6451
908.3079,97.7073
909.2722,97.7943
910.2364,97.9009
911.2007,98.0214
912.1649,98.1487
913.1292,98.2749
914.0934,98.3927
915.0576,98.4972
916.0219,98.5861
916.9861,98.6603
917.9503,98.7219
918.9146,98.7733
919.8788,98.816
920.8430,98.851
921.8073,98.8795
922.7715,98.9033
923.7357,98.9244
924.7000,98.9439
925.6642,98.9613
926.6284,98.9745
927.5927,98.9808
928.5569,98.9785
929.5211,98.9673
930.4854,98.9489
931.4496,98.9256
932.4138,98.9
933.3781,98.8744
934.3423,98.8503
935.3065,98.8286
936.2708,98.809
937.2350,98.7905
938.1992,98.7713
939.1635,98.7502
940.1277,98.728
941.0919,98.7075
942.0562,98.6926
943.0204,98.6863
943.9846,98.689
944.9489,98.6984
945.9131,98.7105
946.8773,98.7219
947.8416,98.731
948.8058,98.7376
949.7700,98.7422
950.7343,98.744
951.6985,98.7413
952.6627,98.7314
953.6270,98.7127
954.5912,98.6847
955.5554,98.6478
956.5197,98.6024
957.4839,98.5487
958.4481,98.4871
959.4124,98.4193
960.3766,98.3493
961.3408,98.2834
962.3051,98.2288
963.2693,98.1915
964.2335,98.175
965.1978,98.1798
966.1620,98.2033
967.1262,98.2411
968.0905,98.288
969.0547,98.339
970.0189,98.3895
970.9832,98.4362
971.9474,98.4768
972.9116,98.5101
973.8759,98.5353
974.8401,98.5526
975.8043,98.563
976.7686,98.5691
977.7328,98.5744
978.6970,98.5825
979.6613,98.5957
980.6255,98.6143
981.5897,98.6368
982.5540,98.6614
983.5182,98.6875
984.4824,98.7157
985.4467,98.747
986.4109,98.7811
987.3751,98.8158
988.3394,98.8473
989.3036,98.8722
990.2678,98.8891
991.2321,98.899
992.1963,98.9039
993.1605,98.9055
994.1248,98.903
995.0890,98.8932
996.0532,98.872
997.0175,98.8366
997.9817,98.7876
998.9459,98.7305
999.9102,98.6749
1000.8744,98.6319
1001.8386,98.61
1002.8029,98.6119
1003.7671,98.6333
1004.7313,98.6646
1005.6956,98.6945
1006.6598,98.7145
1007.6240,98.7212
1008.5883,98.7161
1009.5525,98.7033
1010.5167,98.6871
1011.4810,98.6694
1012.4452,98.6494
1013.4094,98.6244
1014.3737,98.5911
1015.3379,98.5474
1016.3021,98.4928
1017.2664,98.4279
1018.2306,98.3532
1019.1948,98.2674
1020.1591,98.1666
1021.1233,98.0457
1022.0875,97.9015
1023.0518,97.7368
1024.0160,97.5632
1024.9802,97.4004
1025.9445,97.2722
1026.9087,97.2004
1027.8729,97.1992
1028.8372,97.2717
1029.8014,97.4104
1030.7656,97.6001
1031.7299,97.8215
1032.6941,98.0551
1033.6583,98.2831
1034.6226,98.4911
1035.5868,98.669
1036.5510,98.8124
1037.5153,98.9221
1038.4795,99.0032
1039.4437,99.0626
1040.4080,99.1065
1041.3722,99.1387
1042.3364,99.1607
1043.3007,99.1727
1044.2649,99.1747
1045.2291,99.1678
1046.1934,99.154
1047.1576,99.1355
1048.1218,99.1142
1049.0861,99.0915
1050.0503,99.068
1051.0145,99.0442
1051.9788,99.0197
1052.9430,98.9945
1053.9072,98.9683
1054.8715,98.9416
1055.8357,98.9146
1056.7999,98.8871
1057.7642,98.8579
1058.7284,98.8242
1059.6926,98.7834
1060.6569,98.7337
1061.6211,98.6758
1062.5853,98.6126
1063.5496,98.5483
1064.5138,98.4874
1065.4780,98.4337
1066.4423,98.3912
1067.4065,98.364
1068.3707,98.3561
1069.3350,98.37
1070.2992,98.4049
1071.2634,98.4569
1072.2277,98.5194
1073.1919,98.5863
1074.1561,98.6535
1075.1204,98.7191
1076.0846,98.7819
1077.0488,98.8406
1078.0131,98.8928
1078.9773,98.9369
1079.9415,98.9738
1080.9058,99.0071
1081.8700,99.0414
1082.8342,99.0795
1083.7985,99.1207
1084.7627,99.1613
1085.7269,99.1975
1086.6912,99.2277
1087.6554,99.2529
1088.6196,99.2759
1089.5839,99.2982
1090.5481,99.3193
1091.5123,99.3371
1092.4766,99.3501
1093.4408,99.3591
1094.4050,99.3665
1095.3693,99.3751
1096.3335,99.3862
1097.2977,99.3988
1098.2620,99.4108
1099.2262,99.4208
1100.1904,99.4292
1101.1547,99.4378
1102.1189,99.4478
1103.0831,99.4588
1104.0474,99.4685
1105.0116,99.4737
1105.9758,99.4725
1106.9401,99.4654
1107.9043,99.4553
1108.8685,99.4458
1109.8328,99.44
1110.7970,99.4395
1111.7612,99.4443
1112.7255,99.4532
1113.6897,99.4649
1114.6539,99.4783
1115.6182,99.4922
1116.5824,99.506
1117.5466,99.5191
1118.5109,99.5312
1119.4751,99.5422
1120.4393,99.5517
1121.4036,99.559
1122.3678,99.5631
1123.3320,99.5634
1124.2963,99.5604
1125.2605,99.5555
1126.2247,99.5502
1127.1890,99.5459
1128.1532,99.5426
1129.1174,99.5392
1130.0817,99.5344
1131.0459,99.5275
1132.0101,99.5182
1132.9744,99.5073
1133.9386,99.4956
1134.9028,99.4837
1135.8671,99.4719
1136.8313,99.4603
1137.7955,99.4487
1138.7598,99.4366
1139.7240,99.4236
1140.6882,99.4086
1141.6525,99.3906
1142.6167,99.3682
1143.5809,99.3397
1144.5452,99.3033
1145.5094,99.257
1146.4736,99.1996
1147.4379,99.1301
1148.4021,99.0497
1149.3663,98.9619
1150.3306,98.8731
1151.2948,98.7927
1152.2590,98.7309
1153.2233,98.6964
1154.1875,98.694
1155.1517,98.7231
1156.1160,98.7776
1157.0802,98.8481
1158.0444,98.9241
1159.0087,98.9967
1159.9729,99.0595
1160.9371,99.1097
1161.9014,99.1475
1162.8656,99.1754
1163.8298,99.1965
1164.7941,99.213
1165.7583,99.2254
1166.7225,99.2326
1167.6868,99.2328
1168.6510,99.2251
1169.6152,99.2102
1170.5795,99.1896
1171.5437,99.1643
1172.5079,99.1334
1173.4722,99.0938
1174.4364,99.0421
1175.4006,98.9767
1176.3649,98.9006
1177.3291,98.8213
1178.2933,98.7495
1179.2576,98.6959
1180.2218,98.6683
1181.1860,98.6686
1182.1503,98.6932
1183.1145,98.7342
1184.0787,98.7824
1185.0430,98.8298
1186.0072,98.871
1186.9714,98.9041
1187.9357,98.9293
1188.8999,98.9482
1189.8641,98.9627
1190.8284,98.9742
1191.7926,98.9836
1192.7568,98.9919
1193.7211,98.9998
1194.6853,99.0083
1195.6495,99.0182
1196.6138,99.0298
1197.5780,99.0434
1198.5422,99.0586
1199.5065,99.0751
1200.4707,99.0925
1201.4349,99.1103
1202.3992,99.1284
1203.3634,99.1469
1204.3276,99.1663
1205.2919,99.187
1206.2561,99.209
1207.2203,99.2314
1208.1846,99.2527
1209.1488,99.2716
1210.1130,99.2876
1211.0773,99.3016
1212.0415,99.3153
1213.0057,99.3298
1213.9700,99.3448
1214.9342,99.3585
1215.8984,99.3685
1216.8627,99.3731
1217.8269,99.3727
1218.7911,99.3697
1219.7554,99.367
1220.7196,99.3669
1221.6838,99.3699
1222.6481,99.3749
1223.6123,99.3804
1224.5765,99.385
1225.5408,99.3886
1226.5050,99.3916
1227.4692,99.3942
1228.4335,99.396
1229.3977,99.3963
1230.3619,99.3942
1231.3262,99.3895
1232.2904,99.3829
1233.2546,99.3755
1234.2189,99.3685
1235.1831,99.3628
1236.1473,99.3584
1237.1116,99.3548
1238.0758,99.3517
1239.0400,99.3484
1240.0043,99.3447
1240.9685,99.3404
1241.9327,99.3354
1242.8970,99.33
1243.8612,99.3245
1244.8254,99.3195
1245.7897,99.3154
1246.7539,99.3124
1247.7181,99.3106
1248.6824,99.3096
1249.6466,99.3097
1250.6108,99.3112
1251.5751,99.3144
1252.5393,99.3193
1253.5035,99.3251
1254.4678,99.33
1255.4320,99.3323
1256.3962,99.3307
1257.3605,99.326
1258.3247,99.3201
1259.2889,99.3156
1260.2532,99.3139
1261.2174,99.3146
1262.1816,99.3154
1263.1459,99.3135
1264.1101,99.3071
1265.0743,99.296
1266.0386,99.2813
1267.0028,99.2645
1267.9670,99.247
1268.9313,99.2296
1269.8955,99.2132
1270.8597,99.1989
1271.8240,99.1875
1272.7882,99.1794
1273.7524,99.1734
1274.7167,99.1675
1275.6809,99.1597
1276.6451,99.1489
1277.6094,99.136
1278.5736,99.1234
1279.5378,99.1135
1280.5021,99.1074
1281.4663,99.104
1282.4305,99.1008
1283.3948,99.0947
1284.3590,99.0843
1285.3232,99.0702
1286.2875,99.0551
1287.2517,99.0425
1288.2159,99.035
1289.1802,99.0329
1290.1444,99.0343
1291.1086,99.0358
1292.0729,99.0348
1293.0371,99.0304
1294.0013,99.0234
1294.9656,99.0158
1295.9298,99.0089
1296.8940,99.0029
1297.8583,98.9969
1298.8225,98.9893
1299.7867,98.9788
1300.7510,98.9649
1301.7152,98.9476
1302.6794,98.9275
1303.6437,98.9053
1304.6079,98.8823
1305.5721,98.8592
1306.5364,98.8364
1307.5006,98.8132
1308.4648,98.7889
1309.4291,98.7639
1310.3933,98.7403
1311.3575,98.7216
1312.3218,98.7106
1313.2860,98.7078
1314.2502,98.7105
1315.2145,98.7149
1316.1787,98.7188
1317.1429,98.7232
1318.1072,98.731
1319.0714,98.7448
1320.0356,98.7638
1320.9999,98.7836
1321.9641,98.7987
1322.9283,98.8051
1323.8926,98.8023
1324.8568,98.7929
1325.8210,98.7811
1326.7853,98.7711
1327.7495,98.7662
1328.7137,98.7687
1329.6780,98.7799
1330.6422,98.7992
1331.6064,98.823
1332.5707,98.844
1333.5349,98.8527
1334.4991,98.8404
1335.4634,98.8036
1336.4276,98.7475
1337.3918,98.6875
1338.3561,98.645
1339.3203,98.6371
1340.2845,98.6662
1341.2488,98.7181
1342.2130,98.7713
1343.1772,98.8093
1344.1415,98.8251
1345.1057,98.8209
1346.0699,98.805
1347.0342,98.7866
1347.9984,98.7725
1348.9626,98.7649
1349.9269,98.7616
1350.8911,98.7581
1351.8553,98.7506
1352.8196,98.7381
1353.7838,98.7228
1354.7480,98.7078
1355.7123,98.6937
1356.6765,98.6763
1357.6407,98.6478
1358.6050,98.602
1359.5692,98.54
1360.5334,98.4743
1361.4977,98.4258
1362.4619,98.4123
1363.4261,98.4353
1364.3904,98.4782
1365.3546,98.5196
1366.3188,98.5453
1367.2831,98.5524
1368.2473,98.545
1369.2115,98.528
1370.1758,98.5041
1371.1400,98.4743
1372.1042,98.4438
1373.0685,98.4239
1374.0327,98.4288
1374.9969,98.4659
1375.9612,98.5293
1376.9254,98.6039
1377.8896,98.6759
1378.8539,98.739
1379.8181,98.793
1380.7823,98.8379
1381.7466,98.87
1382.7108,98.8836
1383.6750,98.8767
1384.6393,98.8568
1385.6035,98.8422
1386.5677,98.8547
1387.5320,98.904
1388.4962,98.9775
1389.4604,99.048
1390.4247,99.0916
1391.3889,99.0971
1392.3531,99.0673
1393.3174,99.0152
1394.2816,98.9608
1395.2458,98.9249
1396.2101,98.9215
1397.1743,98.9536
1398.1385,99.0126
1399.1028,99.0825
1400.0670,99.1451
1401.0313,99.1865
1401.9955,99.2026
1402.9597,99.2004
1403.9240,99.1947
1404.8882,99.2005
1405.8524,99.2231
1406.8167,99.2547
1407.7809,99.2815
1408.7451,99.2943
1409.7094,99.2933
1410.6736,99.2843
1411.6378,99.2707
1412.6021,99.2476
1413.5663,99.2036
1414.5305,99.1288
1415.4948,99.024
1416.4590,98.9069
1417.4232,98.8115
1418.3875,98.7724
1419.3517,98.7961
1420.3159,98.8537
1421.2802,98.9077
1422.2444,98.9384
1423.2086,98.9461
1424.1729,98.9388
1425.1371,98.9214
1426.1013,98.8911
1427.0656,98.8409
1428.0298,98.7668
1428.9940,98.6726
1429.9583,98.5685
1430.9225,98.4625
1431.8867,98.3523
1432.8510,98.2262
1433.8152,98.0726
1434.7794,97.8919
1435.7437,97.7067
1436.7079,97.554
1437.6721,97.4549
1438.6364,97.3936
1439.6006,97.3338
1440.5648,97.2449
1441.5291,97.1128
1442.4933,96.9368
1443.4575,96.7214
1444.4218,96.4694
1445.3860,96.1787
1446.3502,95.8495
1447.3145,95.4994
1448.2787,95.1737
1449.2429,94.9326
1450.2072,94.8208
1451.1714,94.8454
1452.1356,94.9832
1453.0999,95.2042
1454.0641,95.4953
1455.0283,95.875
1455.9926,96.3839
1456.9568,97.0183
1457.9210,97.6685
1458.8853,98.199
1459.8495,98.565
1460.8137,98.7955
1461.7780,98.9351
1462.7422,99.023
1463.7064,99.0928
1464.6707,99.1682
1465.6349,99.2507
1466.5991,99.3181
1467.5634,99.3423
1468.5276,99.3039
1469.4918,99.1966
1470.4561,99.0298
1471.4203,98.8381
1472.3845,98.6829
1473.3488,98.6216
1474.3130,98.6589
1475.2772,98.7488
1476.2415,98.8398
1477.2057,98.9038
1478.1699,98.9329
1479.1342,98.9285
1480.0984,98.8924
1481.0626,98.8225
1482.0269,98.7133
1482.9911,98.556
1483.9553,98.3378
1484.9196,98.0364
1485.8838,97.6174
1486.8480,97.045
1487.8123,96.3231
1488.7765,95.5537
1489.7407,94.927
1490.7050,94.5958
1491.6692,94.58
1492.6334,94.8102
1493.5977,95.2105
1494.5619,95.7299
1495.5261,96.3319
1496.4904,96.97
1497.4546,97.5761
1498.4188,98.0825
1499.3831,98.4583
1500.3473,98.7116
1501.3115,98.862
1502.2758,98.9208
1503.2400,98.8891
1504.2042,98.7674
1505.1685,98.5801
1506.1327,98.4128
1507.0969,98.3945
1508.0612,98.5587
1509.0254,98.7981
1509.9896,99.0033
1510.9539,99.1332
1511.9181,99.1862
1512.8823,99.1736
1513.8466,99.1125
1514.8108,99.026
1515.7750,98.9394
1516.7393,98.8713
1517.7035,98.8266
1518.6677,98.8018
1519.6320,98.7938
1520.5962,98.8056
1521.5604,98.8405
1522.5247,98.8949
1523.4889,98.9597
1524.4531,99.0285
1525.4174,99.0994
1526.3816,99.171
1527.3458,99.2351
1528.3101,99.2776
1529.2743,99.286
1530.2385,99.2574
1531.2028,99.2031
1532.1670,99.1477
1533.1312,99.1165
1534.0955,99.1146
1535.0597,99.1184
1536.0239,99.0915
1536.9882,99.0037
1537.9524,98.8409
1538.9166,98.6197
1539.8809,98.4152
1540.8451,98.3421
1541.8093,98.4411
1542.7736,98.6357
1543.7378,98.8379
1544.7020,99.0075
1545.6663,99.1356
1546.6305,99.2221
1547.5947,99.271
1548.5590,99.2906
1549.5232,99.2933
1550.4874,99.2906
1551.4517,99.2859
1552.4159,99.2701
1553.3801,99.2252
1554.3444,99.133
1555.3086,98.9834
1556.2728,98.7872
1557.2371,98.6032
1558.2013,98.5484
1559.1655,98.6936
1560.1298,98.9463
1561.0940,99.1709
1562.0582,99.316
1563.0225,99.3886
1563.9867,99.4069
1564.9509,99.3857
1565.9152,99.338
1566.8794,99.2811
1567.8436,99.239
1568.8079,99.2333
1569.7721,99.2652
1570.7363,99.3102
1571.7006,99.3348
1572.6648,99.3153
1573.6290,99.2461
1574.5933,99.1419
1575.5575,99.0379
1576.5217,98.9737
1577.4860,98.9586
1578.4502,98.965
1579.4144,98.9607
1580.3787,98.9351
1581.3429,98.9
1582.3071,98.8784
1583.2714,98.8901
1584.2356,98.9391
1585.1998,99.011
1586.1641,99.0826
1587.1283,99.1343
1588.0925,99.156
1589.0568,99.1465
1590.0210,99.109
1590.9852,99.0471
1591.9495,98.9619
1592.9137,98.8526
1593.8779,98.7182
1594.8422,98.559
1595.8064,98.3794
1596.7706,98.1885
1597.7349,98.0013
1598.6991,97.8383
1599.6633,97.7232
1600.6276,97.6789
1601.5918,97.719
1602.5560,97.8405
1603.5203,98.0218
1604.4845,98.2313
1605.4487,98.4404
1606.4130,98.6338
1607.3772,98.8102
1608.3414,98.9746
1609.3057,99.127
1610.2699,99.2574
1611.2341,99.3506
1612.1984,99.3963
1613.1626,99.3952
1614.1268,99.362
1615.0911,99.326
1616.0553,99.3208
1617.0195,99.3589
1617.9838,99.4167
1618.9480,99.4575
1619.9122,99.4607
1620.8765,99.4281
1621.8407,99.3787
1622.8049,99.3393
1623.7692,99.3313
1624.7334,99.3585
1625.6976,99.4103
1626.6619,99.4739
1627.6261,99.5407
1628.5903,99.6023
1629.5546,99.6454
1630.5188,99.6536
1631.4830,99.6131
1632.4473,99.5174
1633.4115,99.3761
1634.3757,99.2273
1635.3400,99.1393
1636.3042,99.1634
1637.2684,99.2783
1638.2327,99.4173
1639.1969,99.5291
1640.1611,99.5929
1641.1254,99.6041
1642.0896,99.5631
1643.0538,99.4733
1644.0181,99.3462
1644.9823,99.2117
1645.9465,99.1165
1646.9108,99.0922
1647.8750,99.1188
1648.8392,99.143
1649.8035,99.12
1650.7677,99.0335
1651.7319,98.9092
1652.6962,98.8337
1653.6604,98.9033
1654.6246,99.0956
1655.5889,99.2997
1656.5531,99.4453
1657.5173,99.5199
1658.4816,99.5336
1659.4458,99.5047
1660.4100,99.4588
1661.3743,99.4261
1662.3385,99.4261
1663.3027,99.4511
1664.2670,99.4717
1665.2312,99.4596
1666.1954,99.4022
1667.1597,99.3065
1668.1239,99.1998
1669.0881,99.1217
1670.0524,99.0998
1671.0166,99.1274
1671.9808,99.1753
1672.9451,99.2206
1673.9093,99.2599
1674.8735,99.3015
1675.8378,99.3493
1676.8020,99.392
1677.7662,99.408
1678.7305,99.3786
1679.6947,99.2953
1680.6589,99.1613
1681.6232,98.9979
1682.5874,98.856
1683.5516,98.8055
1684.5159,98.876
1685.4801,99.0202
1686.4443,99.1693
1687.4086,99.2904
1688.3728,99.382
1689.3370,99.4514
1690.3013,99.5002
1691.2655,99.5223
1692.2297,99.5072
1693.1940,99.4462
1694.1582,99.339
1695.1224,99.1989
1696.0867,99.0539
1697.0509,98.94
1698.0151,98.8876
1698.9794,98.9072
1699.9436,98.9819
1700.9078,99.0761
1701.8721,99.1577
1702.8363,99.2146
1703.8005,99.2541
1704.7648,99.293
1705.7290,99.347
1706.6932,99.4203
1707.6575,99.5014
1708.6217,99.5703
1709.5859,99.6088
1710.5502,99.6069
1711.5144,99.5605
1712.4786,99.4688
1713.4429,99.3361
1714.4071,99.1787
1715.3713,99.0362
1716.3356,98.9689
1717.2998,99.0194
1718.2640,99.1664
1719.2283,99.342
1720.1925,99.4909
1721.1567,99.5946
1722.1210,99.6587
1723.0852,99.6964
1724.0494,99.7182
1725.0137,99.7269
1725.9779,99.7179
1726.9421,99.6838
1727.9064,99.6187
1728.8706,99.5225
1729.8348,99.4013
1730.7991,99.2707
1731.7633,99.1596
1732.7275,99.1065
1733.6918,99.1358
1734.6560,99.2292
1735.6202,99.3364
1736.5845,99.4156
1737.5487,99.4523
1738.5129,99.4515
1739.4772,99.4276
1740.4414,99.3968
1741.4056,99.3705
1742.3699,99.35
1743.3341,99.3276
1744.2983,99.2928
1745.2626,99.2389
1746.2268,99.1675
1747.1910,99.0927
1748.1553,99.0408
1749.1195,99.0414
1750.0837,99.1062
1751.0480,99.2157
1752.0122,99.3321
1752.9764,99.424
1753.9407,99.4792
1754.9049,99.5011
1755.8691,99.5006
1756.8334,99.4892
1757.7976,99.4752
1758.7618,99.464
1759.7261,99.461
1760.6903,99.4724
1761.6545,99.5014
1762.6188,99.543
1763.5830,99.5831
1764.5472,99.605
1765.5115,99.5972
1766.4757,99.5567
1767.4399,99.4882
1768.4042,99.4031
1769.3684,99.3184
1770.3326,99.2551
1771.2969,99.234
1772.2611,99.265
1773.2253,99.3366
1774.1896,99.4207
1775.1538,99.4896
1776.1180,99.528
1777.0823,99.5355
1778.0465,99.5227
1779.0107,99.5054
1779.9750,99.4985
1780.9392,99.5091
1781.9034,99.5347
1782.8677,99.5672
1783.8319,99.5981
1784.7961,99.6202
1785.7604,99.626
1786.7246,99.6083
1787.6888,99.5616
1788.6531,99.4855
1789.6173,99.3887
1790.5815,99.2916
1791.5458,99.2226
1792.5100,99.2016
1793.4742,99.2231
1794.4385,99.2605
1795.4027,99.2877
1796.3669,99.2923
1797.3312,99.2763
1798.2954,99.2516
1799.2596,99.2353
1800.2239,99.2417
1801.1881,99.2746
1802.1523,99.3251
1803.1166,99.3771
1804.0808,99.4159
1805.0450,99.4326
1806.0093,99.4262
1806.9735,99.4027
1807.9377,99.3743
1808.9020,99.3563
1809.8662,99.3624
1810.8304,99.3976
1811.7947,99.4553
1812.7589,99.5205
1813.7231,99.5783
1814.6874,99.6195
1815.6516,99.6426
1816.6158,99.6518
1817.5801,99.6528
1818.5443,99.6489
1819.5085,99.6394
1820.4728,99.622
1821.4370,99.5962
1822.4012,99.565
1823.3655,99.5333
1824.3297,99.5042
1825.2939,99.4769
1826.2582,99.4495
1827.2224,99.4252
1828.1866,99.4158
1829.1509,99.4375
1830.1151,99.4974
1831.0793,99.5831
1832.0436,99.6681
1833.0078,99.7279
1833.9720,99.7523
1834.9363,99.7469
1835.9005,99.7272
1836.8647,99.7096
1837.8290,99.701
1838.7932,99.6957
1839.7574,99.681
1840.7217,99.6473
1841.6859,99.5957
1842.6501,99.5415
1843.6144,99.5094
1844.5786,99.5189
1845.5428,99.5685
1846.5071,99.638
1847.4713,99.7047
1848.4355,99.7542
1849.3998,99.7826
1850.3640,99.7924
1851.3282,99.7884
1852.2925,99.7756
1853.2567,99.7571
1854.2209,99.7353
1855.1852,99.7118
1856.1494,99.6883
1857.1136,99.6671
1858.0779,99.6501
1859.0421,99.6386
1860.0063,99.6327
1860.9706,99.629
1861.9348,99.6205
1862.8990,99.5977
1863.8633,99.5517
1864.8275,99.4788
1865.7917,99.386
1866.7560,99.294
1867.7202,99.2331
1868.6844,99.2283
1869.6487,99.2811
1870.6129,99.3685
1871.5771,99.4607
1872.5414,99.537
1873.5056,99.5897
1874.4698,99.6204
1875.4341,99.6349
1876.3983,99.6397
1877.3625,99.6399
1878.3268,99.6393
1879.2910,99.6405
1880.2552,99.6444
1881.2195,99.6501
1882.1837,99.6544
1883.1479,99.6528
1884.1122,99.642
1885.0764,99.6225
1886.0406,99.5995
1887.0049,99.5821
1887.9691,99.5796
1888.9333,99.5968
1889.8976,99.6299
1890.8618,99.6682
1891.8260,99.7011
1892.7903,99.7238
1893.7545,99.7398
1894.7188,99.7572
1895.6830,99.7823
1896.6472,99.8145
1897.6115,99.8452
1898.5757,99.864
1899.5399,99.8648
1900.5042,99.8504
1901.4684,99.83
1902.4326,99.8133
1903.3969,99.8042
1904.3611,99.7988
1905.3253,99.7896
1906.2896,99.772
1907.2538,99.749
1908.2180,99.7307
1909.1823,99.7273
1910.1465,99.7415
1911.1107,99.7651
1912.0750,99.784
1913.0392,99.7861
1914.0034,99.7676
1914.9677,99.7337
1915.9319,99.6956
1916.8961,99.6656
1917.8604,99.6508
1918.8246,99.6514
1919.7888,99.6632
1920.7531,99.6829
1921.7173,99.7091
1922.6815,99.7407
1923.6458,99.7733
1924.6100,99.7988
1925.5742,99.8081
1926.5385,99.7967
1927.5027,99.7666
1928.4669,99.7258
1929.4312,99.6851
1930.3954,99.6535
1931.3596,99.6355
1932.3239,99.6286
1933.2881,99.6255
1934.2523,99.6163
1935.2166,99.5932
1936.1808,99.5537
1937.1450,99.5027
1938.1093,99.4504
1939.0735,99.4075
1940.0377,99.3801
1941.0020,99.3659
1941.9662,99.3559
1942.9304,99.3412
1943.8947,99.3215
1944.8589,99.3073
1945.8231,99.3121
1946.7874,99.3427
1947.7516,99.393
1948.7158,99.4467
1949.6801,99.4872
1950.6443,99.5086
1951.6085,99.5206
1952.5728,99.5425
1953.5370,99.5905
1954.5012,99.6666
1955.4655,99.7561
1956.4297,99.8346
1957.3939,99.8797
1958.3582,99.8798
1959.3224,99.8369
1960.2866,99.7629
1961.2509,99.6745
1962.2151,99.5899
1963.1793,99.5283
1964.1436,99.5095
1965.1078,99.5498
1966.0720,99.654
1967.0363,99.8059
1968.0005,99.969
1968.9647,100.1
1969.9290,100.167
1970.8932,100.166
1971.8574,100.116
1972.8217,100.049
1973.7859,99.9909
1974.7501,99.9436
1975.7144,99.8851
1976.6786,99.7861
1977.6428,99.6383
1978.6071,99.4688
1979.5713,99.3275
1980.5355,99.2577
1981.4998,99.2732
1982.4640,99.3555
1983.4282,99.4674
1984.3925,99.5715
1985.3567,99.6454
1986.3209,99.6848
1987.2852,99.6969
1988.2494,99.6901
1989.2136,99.6708
1990.1779,99.6463
1991.1421,99.6294
1992.1063,99.6357
1993.0706,99.6739
1994.0348,99.7378
1994.9990,99.8077
1995.9633,99.8622
1996.9275,99.8906
1997.8917,99.8986
1998.8560,99.9033
1999.8202,99.9214
2000.7844,99.9583
2001.7487,100.004
2002.7129,100.037
2003.6771,100.036
2004.6414,99.9843
2005.6056,99.8838
2006.5698,99.7565
2007.5341,99.6426
2008.4983,99.5856
2009.4625,99.6101
2010.4268,99.7071
2011.3910,99.8352
2012.3552,99.9393
2013.3195,99.9785
2014.2837,99.9459
2015.2479,99.8696
2016.2122,99.7935
2017.1764,99.7493
2018.1406,99.7411
2019.1049,99.7513
2020.0691,99.7602
2021.0333,99.7617
2021.9976,99.7634
2022.9618,99.7753
2023.9260,99.7982
2024.8903,99.8217
2025.8545,99.8315
2026.8187,99.8204
2027.7830,99.7921
2028.7472,99.7574
2029.7114,99.7262
2030.6757,99.7027
2031.6399,99.6869
2032.6041,99.6799
2033.5684,99.6864
2034.5326,99.7132
2035.4968,99.7631
2036.4611,99.8288
2037.4253,99.8921
2038.3895,99.9288
2039.3538,99.9184
2040.3180,99.8553
2041.2822,99.7556
2042.2465,99.6529
2043.2107,99.5837
2044.1749,99.5686
2045.1392,99.6025
2046.1034,99.6573
2047.0676,99.6986
2048.0320,99.7053
2048.9961,99.6805
2049.9604,99.6443
2050.9246,99.617
2051.8889,99.6064
2052.8530,99.6064
2053.8174,99.6039
2054.7815,99.5895
2055.7458,99.5642
2056.7100,99.539
2057.6743,99.5278
2058.6384,99.5392
2059.6028,99.5722
2060.5669,99.6174
2061.5313,99.6634
2062.4954,99.7019
2063.4597,99.7301
2064.4238,99.7495
2065.3882,99.7617
2066.3523,99.7659
2067.3167,99.7591
2068.2808,99.7396
2069.2451,99.7098
2070.2092,99.677
2071.1736,99.6508
2072.1377,99.6386
2073.1021,99.642
2074.0662,99.6574
2075.0305,99.6795
2075.9946,99.7042
2076.9590,99.7301
2077.9231,99.7569
2078.8875,99.7822
2079.8516,99.8014
2080.8159,99.809
2081.7800,99.8027
2082.7444,99.7859
2083.7085,99.7668
2084.6729,99.7558
2085.6370,99.7611
2086.6013,99.786
2087.5654,99.8283
2088.5298,99.8821
2089.4939,99.9396
2090.4583,99.9932
2091.4224,100.035
2092.3867,100.059
2093.3508,100.056
2094.3152,100.023
2095.2793,99.9598
2096.2437,99.8769
2097.2078,99.7914
2098.1721,99.7234
2099.1362,99.6884
2100.1006,99.6908
2101.0647,99.7227
2102.0291,99.7673
2102.9932,99.8064
2103.9575,99.8281
2104.9216,99.8305
2105.8860,99.8207
2106.8501,99.8097
2107.8145,99.8063
2108.7786,99.8139
2109.7429,99.8294
2110.7070,99.8458
2111.6714,99.8548
2112.6355,99.8506
2113.5999,99.8326
2114.5640,99.8069
2115.5283,99.7845
2116.4924,99.7776
2117.4568,99.7943
2118.4209,99.8344
2119.3853,99.8887
2120.3494,99.9434
2121.3137,99.9858
2122.2778,100.01
2123.2422,100.017
2124.2063,100.013
2125.1707,100.006
2126.1348,100.003
2127.0991,100.007
2128.0632,100.021
2129.0276,100.042
2129.9917,100.064
2130.9561,100.077
2131.9202,100.07
2132.8845,100.036
2133.8486,99.9793
2134.8130,99.9155
2135.7771,99.8634
2136.7415,99.8365
2137.7056,99.837
2138.6699,99.8574
2139.6340,99.8872
2140.5984,99.9197
2141.5625,99.9534
2142.5269,99.9885
2143.4910,100.022
2144.4553,100.044
2145.4194,100.042
2146.3838,100.005
2147.3479,99.9305
2148.3123,99.8283
2149.2764,99.7212
2150.2407,99.6394
2151.2048,99.612
2152.1692,99.6559
2153.1333,99.7666
2154.0977,99.9163
2155.0618,100.06
2156.0261,100.149
2156.9902,100.147
2157.9546,100.047
2158.9187,99.8753
2159.8831,99.6758
2160.8472,99.4921
2161.8115,99.357
2162.7756,99.2934
2163.7400,99.3138
2164.7041,99.4135
2165.6685,99.5633
2166.6326,99.7153
2167.5969,99.8234
2168.5610,99.867
2169.5254,99.8603
2170.4895,99.8409
2171.4539,99.8447
2172.4180,99.8842
2173.3823,99.9428
2174.3464,99.9882
2175.3108,99.9948
2176.2749,99.9589
2177.2393,99.8965
2178.2034,99.8282
2179.1677,99.7655
2180.1318,99.7084
2181.0962,99.6543
2182.0603,99.6081
2183.0247,99.5828
2183.9888,99.5904
2184.9531,99.6295
2185.9172,99.6831
2186.8816,99.7265
2187.8457,99.7422
2188.8101,99.7291
2189.7742,99.7017
2190.7385,99.6783
2191.7026,99.6685
2192.6670,99.6681
2193.6311,99.6644
2194.5955,99.6484
2195.5596,99.6224
2196.5239,99.5987
2197.4880,99.589
2198.4524,99.595
2199.4165,99.6071
2200.3809,99.6133
2201.3450,99.6114
2202.3093,99.6124
2203.2734,99.6337
2204.2378,99.6839
2205.2019,99.7541
2206.1663,99.8204
2207.1304,99.8576
2208.0947,99.8538
2209.0588,99.8152
2210.0232,99.7601
2210.9873,99.7064
2211.9517,99.6649
2212.9158,99.6395
2213.8801,99.6326
2214.8442,99.648
2215.8086,99.6871
2216.7727,99.743
2217.7371,99.7983
2218.7012,99.8311
2219.6655,99.826
2220.6296,99.7825
2221.5940,99.7155
2222.5581,99.6467
2223.5225,99.5945
2224.4866,99.5676
2225.4509,99.5656
2226.4150,99.5839
2227.3794,99.6169
2228.3435,99.66
2229.3079,99.7078
2230.2720,99.7536
2231.2363,99.791
2232.2004,99.8162
2233.1648,99.83
2234.1289,99.8358
2235.0933,99.8366
2236.0574,99.8326
2237.0217,99.8211
2237.9858,99.8001
2238.9502,99.7712
2239.9143,99.7409
2240.8787,99.718
2241.8428,99.7099
2242.8071,99.7183
2243.7712,99.739
2244.7356,99.7645
2245.6997,99.7877
2246.6641,99.8046
2247.6282,99.8142
2248.5925,99.8167
2249.5566,99.8116
2250.5210,99.7974
2251.4851,99.774
2252.4495,99.7443
2253.4136,99.7151
2254.3779,99.6944
2255.3420,99.6881
2256.3064,99.6978
2257.2705,99.7201
2258.2349,99.7494
2259.1990,99.7795
2260.1633,99.8054
2261.1274,99.8238
2262.0918,99.8334
2263.0559,99.835
2264.0203,99.831
2264.9844,99.8237
2265.9487,99.814
2266.9128,99.8014
2267.8772,99.7854
2268.8413,99.7685
2269.8057,99.7563
2270.7698,99.755
2271.7341,99.7666
2272.6982,99.7862
2273.6626,99.8039
2274.6267,99.8107
2275.5911,99.8044
2276.5552,99.7909
2277.5195,99.7789
2278.4836,99.7738
2279.4480,99.7728
2280.4121,99.7681
2281.3765,99.7528
2282.3406,99.7274
2283.3049,99.7004
2284.2690,99.6833
2285.2334,99.6847
2286.1975,99.7054
2287.1619,99.7398
2288.1260,99.7793
2289.0903,99.818
2290.0544,99.8536
2291.0188,99.8868
2291.9829,99.9188
2292.9473,99.9492
2293.9114,99.9767
2294.8757,100.001
2295.8398,100.022
2296.8042,100.041
2297.7683,100.061
2298.7327,100.079
2299.6968,100.093
2300.6611,100.101
2301.6252,100.103
2302.5896,100.105
2303.5537,100.112
2304.5181,100.132
2305.4822,100.166
2306.4465,100.213
2307.4106,100.265
2308.3750,100.316
2309.3391,100.358
2310.3035,100.389
2311.2676,100.411
2312.2319,100.429
2313.1960,100.447
2314.1604,100.469
2315.1245,100.494
2316.0889,100.523
2317.0530,100.555
2318.0173,100.592
2318.9814,100.636
2319.9458,100.689
2320.9099,100.755
2321.8743,100.837
2322.8384,100.934
2323.8027,101.043
2324.7668,101.158
2325.7312,101.271
2326.6953,101.372
2327.6597,101.45
2328.6238,101.5
2329.5881,101.528
2330.5522,101.543
2331.5166,101.561
2332.4807,101.588
2333.4451,101.626
2334.4092,101.669
2335.3735,101.713
2336.3376,101.755
2337.3020,101.796
2338.2661,101.837
2339.2305,101.873
2340.1946,101.899
2341.1589,101.905
2342.1230,101.879
2343.0874,101.809
2344.0515,101.695
2345.0159,101.554
2345.9800,101.414
2346.9443,101.301
2347.9084,101.229
2348.8728,101.206
2349.8369,101.237
2350.8013,101.327
2351.7654,101.473
2352.7297,101.663
2353.6938,101.874
2354.6582,102.079
2355.6223,102.258
2356.5867,102.406
2357.5508,102.522
2358.5151,102.601
2359.4792,102.642
2360.4436,102.645
2361.4077,102.617
2362.3721,102.563
2363.3362,102.488
2364.3005,102.392
2365.2646,102.28
2366.2290,102.158
2367.1931,102.03
2368.1575,101.9
2369.1216,101.769
2370.0859,101.637
2371.0500,101.502
2372.0144,101.364
2372.9785,101.22
2373.9429,101.074
2374.9070,100.929
2375.8713,100.791
2376.8354,100.667
2377.7998,100.56
2378.7639,100.47
2379.7283,100.392
2380.6924,100.322
2381.6567,100.258
2382.6208,100.198
2383.5852,100.146
2384.5493,100.103
2385.5137,100.071
2386.4778,100.05
2387.4421,100.039
2388.4063,100.035
2389.3706,100.034
2390.3347,100.036
2391.2991,100.037
2392.2632,100.036
2393.2275,100.033
2394.1917,100.028
2395.1560,100.02
2396.1201,100.012
2397.0845,100.006
2398.0486,100.005
2399.0129,100.01
2399.9771,100.019
2400.9414,100.031
2401.9055,100.04
2402.8699,100.042
2403.8340,100.035
2404.7983,100.02
2405.7625,100.002
2406.7268,99.9848
2407.6909,99.9743
2408.6553,99.9716
2409.6194,99.9752
2410.5837,99.9821
2411.5479,99.9898
2412.5122,99.9977
2413.4763,100.007
2414.4407,100.017
2415.4048,100.028
2416.3691,100.036
2417.3333,100.038
2418.2976,100.032
2419.2617,100.019
2420.2261,100.006
2421.1902,99.9952
2422.1545,99.9897
2423.1187,99.9881
2424.0830,99.9873
2425.0471,99.9847
2426.0115,99.9798
2426.9756,99.9745
2427.9399,99.9714
2428.9041,99.9725
2429.8684,99.9774
2430.8325,99.9838
2431.7969,99.9886
2432.7610,99.9894
2433.7253,99.9861
2434.6895,99.981
2435.6538,99.978
2436.6179,99.9799
2437.5823,99.9862
2438.5464,99.9928
2439.5107,99.9937
2440.4749,99.9851
2441.4392,99.9684
2442.4033,99.9501
2443.3677,99.9384
2444.3318,99.9381
2445.2961,99.9479
2446.2603,99.9611
2447.2246,99.9705
2448.1887,99.9727
2449.1531,99.9696
2450.1172,99.9659
2451.0815,99.9649
2452.0457,99.9659
2453.0100,99.9652
2453.9741,99.9596
2454.9385,99.9495
2455.9026,99.9392
2456.8669,99.934
2457.8311,99.9374
2458.7954,99.9491
2459.7595,99.9654
2460.7239,99.9824
2461.6880,99.9974
2462.6523,100.01
2463.6165,100.02
2464.5808,100.028
2465.5449,100.033
2466.5093,100.035
2467.4734,100.034
2468.4377,100.028
2469.4019,100.019
2470.3662,100.007
2471.3303,99.9921
2472.2947,99.9758
2473.2588,99.9611
2474.2231,99.9511
2475.1873,99.9481
2476.1516,99.9518
2477.1157,99.9594
2478.0801,99.9663
2479.0442,99.9687
2480.0085,99.9651
2480.9727,99.9573
2481.9370,99.9491
2482.9011,99.9445
2483.8655,99.9456
2484.8296,99.9514
2485.7939,99.9588
2486.7581,99.9643
2487.7224,99.9659
2488.6865,99.964
2489.6509,99.9616
2490.6150,99.9622
2491.5793,99.9678
2492.5435,99.9781
2493.5078,99.9908
2494.4719,100.003
2495.4363,100.011
2496.4004,100.014
2497.3647,100.012
2498.3289,100.005
2499.2932,99.9943
2500.2573,99.9832
2501.2217,99.9736
2502.1858,99.9677
2503.1501,99.9667
2504.1143,99.9697
2505.0786,99.9745
2506.0427,99.9784
2507.0071,99.9798
2507.9712,99.9787
2508.9355,99.9768
2509.8997,99.9764
2510.8640,99.9796
2511.8281,99.987
2512.7925,99.9975
2513.7566,100.009
2514.7209,100.018
2515.6851,100.021
2516.6494,100.016
2517.6135,100.002
2518.5779,99.982
2519.5420,99.9608
2520.5063,99.945
2521.4705,99.9398
2522.4348,99.9467
2523.3989,99.9629
2524.3633,99.9825
2525.3274,99.9995
2526.2917,100.009
2527.2559,100.01
2528.2202,100.003
2529.1843,99.9892
2530.1487,99.9714
2531.1128,99.9529
2532.0771,99.9376
2533.0413,99.9286
2534.0056,99.9267
2534.9697,99.9308
2535.9341,99.9384
2536.8982,99.9475
2537.8625,99.9578
2538.8267,99.9702
2539.7910,99.9843
2540.7551,99.9975
2541.7195,100.006
2542.6836,100.006
2543.6479,99.9985
2544.6121,99.9878
2545.5764,99.9788
2546.5405,99.9743
2547.5049,99.9733
2548.4690,99.9724
2549.4333,99.9689
2550.3975,99.9634
2551.3618,99.9589
2552.3259,99.9587
2553.2903,99.9634
2554.2544,99.9714
2555.2188,99.9797
2556.1829,99.9869
2557.1472,99.9932
2558.1113,99.9995
2559.0757,100.006
2560.0398,100.009
2561.0042,100.008
2561.9683,100.002
2562.9326,99.9907
2563.8967,99.9783
2564.8611,99.967
2565.8252,99.958
2566.7896,99.9514
2567.7537,99.9471
2568.7180,99.9455
2569.6821,99.9473
2570.6465,99.9513
2571.6106,99.9544
2572.5750,99.9529
2573.5391,99.9448
2574.5034,99.9326
2575.4675,99.9222
2576.4319,99.9194
2577.3960,99.9269
2578.3604,99.9415
2579.3245,99.9564
2580.2888,99.9652
2581.2529,99.965
2582.2173,99.9581
2583.1814,99.949
2584.1458,99.9417
2585.1099,99.9376
2586.0742,99.9361
2587.0383,99.9362
2588.0027,99.9377
2588.9668,99.9411
2589.9312,99.9462
2590.8953,99.9518
2591.8596,99.9558
2592.8237,99.9568
2593.7881,99.9546
2594.7522,99.9499
2595.7166,99.9435
2596.6807,99.9359
2597.6450,99.9275
2598.6091,99.9198
2599.5735,99.9152
2600.5376,99.9159
2601.5020,99.922
2602.4661,99.9309
2603.4304,99.9389
2604.3945,99.943
2605.3589,99.9429
2606.3230,99.9412
2607.2874,99.9407
2608.2515,99.9432
2609.2158,99.948
2610.1799,99.9529
2611.1443,99.9555
2612.1084,99.9546
2613.0728,99.9502
2614.0369,99.9437
2615.0012,99.9371
2615.9653,99.9329
2616.9297,99.9335
2617.8938,99.9398
2618.8582,99.9502
2619.8223,99.9605
2620.7866,99.9654
2621.7507,99.9614
2622.7151,99.9491
2623.6792,99.9332
2624.6436,99.9203
2625.6077,99.9154
2626.5720,99.9194
2627.5361,99.9284
2628.5005,99.9367
2629.4646,99.9397
2630.4290,99.9365
2631.3931,99.9296
2632.3574,99.9235
2633.3215,99.9214
2634.2859,99.9238
2635.2500,99.929
2636.2144,99.9342
2637.1785,99.9374
2638.1428,99.9383
2639.1069,99.9382
2640.0713,99.9385
2641.0354,99.9396
2641.9998,99.9408
2642.9639,99.9409
2643.9282,99.9392
2644.8923,99.9361
2645.8567,99.9334
2646.8208,99.9329
2647.7852,99.9353
2648.7493,99.9399
2649.7136,99.9443
2650.6777,99.9463
2651.6421,99.9444
2652.6062,99.9396
2653.5706,99.9344
2654.5347,99.9321
2655.4990,99.935
2656.4631,99.9435
2657.4275,99.9558
2658.3916,99.9688
2659.3560,99.9799
2660.3201,99.9877
2661.2844,99.9932
2662.2485,99.9982
2663.2129,100.004
2664.1770,100.012
2665.1414,100.021
2666.1055,100.028
2667.0698,100.034
2668.0339,100.037
2668.9983,100.04
2669.9624,100.042
2670.9268,100.044
2671.8909,100.045
2672.8552,100.045
2673.8193,100.042
2674.7837,100.038
2675.7478,100.034
2676.7122,100.033
2677.6763,100.035
2678.6406,100.038
2679.6047,100.042
2680.5691,100.044
2681.5332,100.044
2682.4976,100.044
2683.4617,100.044
2684.4260,100.044
2685.3901,100.044
2686.3545,100.043
2687.3186,100.042
2688.2830,100.04
2689.2471,100.039
2690.2114,100.04
2691.1755,100.043
2692.1399,100.046
2693.1040,100.05
2694.0684,100.051
2695.0325,100.052
2695.9968,100.052
2696.9609,100.054
2697.9253,100.057
2698.8894,100.06
2699.8538,100.061
2700.8179,100.057
2701.7822,100.051
2702.7463,100.045
2703.7107,100.043
2704.6748,100.047
2705.6392,100.055
2706.6033,100.065
2707.5676,100.073
2708.5317,100.076
2709.4961,100.076
2710.4602,100.073
2711.4246,100.069
2712.3887,100.067
2713.3530,100.065
2714.3171,100.063
2715.2815,100.061
2716.2456,100.06
2717.2100,100.06
2718.1741,100.061
2719.1384,100.063
2720.1025,100.065
2721.0669,100.065
2722.0310,100.063
2722.9954,100.061
2723.9595,100.059
2724.9238,100.058
2725.8879,100.059
2726.8523,100.062
2727.8164,100.064
2728.7808,100.066
2729.7449,100.066
2730.7092,100.065
2731.6733,100.063
2732.6377,100.062
2733.6018,100.064
2734.5662,100.069
2735.5303,100.076
2736.4946,100.084
2737.4587,100.091
2738.4231,100.094
2739.3872,100.093
2740.3516,100.089
2741.3157,100.086
2742.2800,100.084
2743.2441,100.086
2744.2085,100.092
2745.1726,100.101
2746.1370,100.109
2747.1011,100.115
2748.0654,100.117
2749.0295,100.115
2749.9939,100.112
2750.9580,100.108
2751.9224,100.105
2752.8865,100.105
2753.8508,100.106
2754.8149,100.108
2755.7793,100.108
2756.7434,100.105
2757.7078,100.102
2758.6719,100.099
2759.6362,100.098
2760.6003,100.099
2761.5647,100.101
2762.5288,100.101
2763.4932,100.097
2764.4573,100.091
2765.4216,100.083
2766.3857,100.078
2767.3501,100.077
2768.3142,100.081
2769.2786,100.086
2770.2427,100.092
2771.2070,100.095
2772.1711,100.094
2773.1355,100.091
2774.0996,100.085
2775.0640,100.079
2776.0281,100.075
2776.9924,100.073
2777.9565,100.073
2778.9209,100.074
2779.8850,100.073
2780.8494,100.067
2781.8135,100.059
2782.7778,100.05
2783.7419,100.047
2784.7063,100.049
2785.6704,100.058
2786.6348,100.069
2787.5989,100.077
2788.5632,100.081
2789.5273,100.081
2790.4917,100.079
2791.4558,100.077
2792.4202,100.077
2793.3843,100.076
2794.3486,100.074
2795.3127,100.069
2796.2771,100.061
2797.2412,100.053
2798.2056,100.045
2799.1697,100.038
2800.1340,100.033
2801.0981,100.031
2802.0625,100.033
2803.0266,100.037
2803.9910,100.042
2804.9551,100.043
2805.9194,100.039
2806.8835,100.031
2807.8479,100.022
2808.8120,100.013
2809.7764,100.008
2810.7405,100.007
2811.7048,100.007
2812.6689,100.008
2813.6333,100.01
2814.5974,100.012
2815.5618,100.015
2816.5259,100.019
2817.4902,100.021
2818.4543,100.022
2819.4187,100.02
2820.3828,100.015
2821.3472,100.008
2822.3113,99.9984
2823.2756,99.9858
2824.2397,99.9708
2825.2041,99.9544
2826.1682,99.9388
2827.1326,99.9258
2828.0967,99.9167
2829.0610,99.9109
2830.0251,99.9063
2830.9895,99.8997
2831.9536,99.8879
2832.9180,99.8683
2833.8821,99.8399
2834.8464,99.8027
2835.8105,99.7579
2836.7749,99.7073
2837.7390,99.6527
2838.7034,99.596
2839.6675,99.5391
2840.6318,99.4843
2841.5959,99.4343
2842.5603,99.3923
2843.5244,99.3616
2844.4888,99.3454
2845.4529,99.3452
2846.4172,99.3611
2847.3813,99.39
2848.3457,99.4268
2849.3098,99.4655
2850.2742,99.5011
2851.2383,99.5314
2852.2026,99.5576
2853.1667,99.5827
2854.1311,99.6097
2855.0952,99.6397
2856.0596,99.6708
2857.0237,99.6998
2857.9880,99.7242
2858.9521,99.7432
2859.9165,99.7584
2860.8806,99.7725
2861.8450,99.7877
2862.8091,99.8044
2863.7734,99.8211
2864.7375,99.8357
2865.7019,99.8462
2866.6660,99.8521
2867.6304,99.8539
2868.5945,99.8536
2869.5588,99.8526
2870.5229,99.8515
2871.4873,99.8491
2872.4514,99.8427
2873.4158,99.8295
2874.3799,99.8078
2875.3442,99.7788
2876.3083,99.7462
2877.2727,99.7147
2878.2368,99.6882
2879.2012,99.6677
2880.1653,99.6509
2881.1296,99.6343
2882.0938,99.6148
2883.0581,99.592
2884.0222,99.5677
2884.9866,99.5449
2885.9507,99.5256
2886.9150,99.5097
2887.8792,99.495
2888.8435,99.4785
2889.8076,99.4574
2890.7720,99.4304
2891.7361,99.3981
2892.7004,99.3623
2893.6646,99.3257
2894.6289,99.2902
2895.5930,99.256
2896.5574,99.2211
2897.5215,99.1821
2898.4858,99.1359
2899.4500,99.0819
2900.4143,99.0224
2901.3784,98.9618
2902.3428,98.9045
2903.3069,98.8526
2904.2712,98.8051
2905.2354,98.7595
2906.1997,98.7137
2907.1638,98.6678
2908.1282,98.6239
2909.0923,98.5852
2910.0566,98.5535
2911.0208,98.5289
2911.9851,98.5105
2912.9492,98.4974
2913.9136,98.4897
2914.8777,98.488
2915.8420,98.4916
2916.8062,98.4977
2917.7705,98.5019
2918.7346,98.5008
2919.6990,98.4941
2920.6631,98.4862
2921.6274,98.4841
2922.5916,98.4942
2923.5559,98.5189
2924.5200,98.556
2925.4844,98.6001
2926.4485,98.6461
2927.4128,98.6919
2928.3770,98.7386
2929.3413,98.7895
2930.3054,98.8473
2931.2698,98.9125
2932.2339,98.9822
2933.1982,99.0518
2934.1624,99.1163
2935.1267,99.1729
2936.0908,99.2216
2937.0552,99.2658
2938.0193,99.3106
2938.9836,99.3602
2939.9478,99.4163
2940.9121,99.4772
2941.8762,99.5393
2942.8406,99.5991
2943.8047,99.6548
2944.7690,99.7069
2945.7332,99.7569
2946.6975,99.8056
2947.6616,99.8525
2948.6260,99.8957
2949.5901,99.934
2950.5544,99.9672
2951.5186,99.9973
2952.4829,100.027
2953.4470,100.057
2954.4114,100.088
2955.3755,100.119
2956.3398,100.147
2957.3040,100.17
2958.2683,100.189
2959.2324,100.205
2960.1968,100.219
2961.1609,100.232
2962.1252,100.246
2963.0894,100.259
2964.0537,100.27
2965.0178,100.279
2965.9822,100.286
2966.9463,100.288
2967.9106,100.288
2968.8748,100.285
2969.8391,100.282
2970.8032,100.279
2971.7676,100.277
2972.7317,100.275
2973.6960,100.27
2974.6602,100.263
2975.6245,100.252
2976.5886,100.24
2977.5530,100.23
2978.5171,100.223
2979.4814,100.22
2980.4456,100.22
2981.4099,100.22
2982.3740,100.218
2983.3384,100.214
2984.3025,100.207
2985.2668,100.2
2986.2310,100.193
2987.1953,100.188
2988.1594,100.183
2989.1238,100.174
2990.0879,100.159
2991.0522,100.137
2992.0164,100.107
2992.9807,100.073
2993.9448,100.037
2994.9092,100.002
2995.8733,99.9678
2996.8376,99.9331
2997.8018,99.8969
2998.7661,99.8601
2999.7302,99.8262
3000.6946,99.8002
3001.6587,99.7863
3002.6230,99.7859
3003.5872,99.7968
3004.5515,99.8138
3005.5156,99.8312
3006.4800,99.8444
3007.4441,99.8506
3008.4084,99.8487
3009.3726,99.8387
3010.3369,99.8202
3011.3010,99.7929
3012.2654,99.7557
3013.2295,99.7067
3014.1938,99.643
3015.1580,99.5612
3016.1223,99.4577
3017.0864,99.331
3018.0508,99.1822
3019.0149,99.0169
3019.9792,98.8449
3020.9434,98.6796
3021.9077,98.5363
3022.8718,98.4287
3023.8362,98.3661
3024.8003,98.351
3025.7646,98.3791
3026.7288,98.4419
3027.6931,98.5298
3028.6572,98.6355
3029.6216,98.7543
3030.5857,98.8829
3031.5500,99.0183
3032.5142,99.1562
3033.4785,99.2919
3034.4426,99.4206
3035.4070,99.538
3036.3711,99.6402
3037.3354,99.7242
3038.2996,99.7881
3039.2639,99.8331
3040.2280,99.8632
3041.1924,99.8841
3042.1565,99.9006
3043.1208,99.9141
3044.0850,99.9233
3045.0493,99.9252
3046.0134,99.9183
3046.9778,99.9033
3047.9419,99.8825
3048.9063,99.8574
3049.8704,99.8278
3050.8347,99.7912
3051.7988,99.7452
3052.7632,99.6894
3053.7273,99.6262
3054.6917,99.5602
3055.6558,99.4972
3056.6201,99.4425
3057.5842,99.4007
3058.5486,99.3754
3059.5127,99.3687
3060.4771,99.3813
3061.4412,99.4119
3062.4055,99.4575
3063.3696,99.514
3064.3340,99.577
3065.2981,99.6426
3066.2625,99.708
3067.2266,99.7705
3068.1909,99.8277
3069.1550,99.8769
3070.1194,99.9154
3071.0835,99.9407
3072.0479,99.9514
3073.0120,99.9473
3073.9763,99.9295
3074.9404,99.9003
3075.9048,99.8627
3076.8689,99.8204
3077.8333,99.778
3078.7974,99.7408
3079.7617,99.7141
3080.7258,99.7016
3081.6902,99.7043
3082.6543,99.7209
3083.6187,99.7484
3084.5828,99.7842
3085.5471,99.8268
3086.5112,99.8758
3087.4756,99.9308
3088.4397,99.9897
3089.4041,100.049
3090.3682,100.103
3091.3325,100.149
3092.2966,100.183
3093.2610,100.208
3094.2251,100.225
3095.1895,100.234
3096.1536,100.238
3097.1179,100.236
3098.0820,100.23
3099.0464,100.222
3100.0105,100.215
3100.9749,100.213
3101.9390,100.217
3102.9033,100.227
3103.8674,100.24
3104.8318,100.252
3105.7959,100.262
3106.7603,100.269
3107.7244,100.277
3108.6887,100.289
3109.6528,100.306
3110.6172,100.326
3111.5813,100.347
3112.5457,100.364
3113.5098,100.375
3114.4741,100.379
3115.4382,100.38
3116.4026,100.382
3117.3667,100.386
3118.3311,100.392
3119.2952,100.398
3120.2595,100.403
3121.2236,100.406
3122.1880,100.407
3123.1521,100.408
3124.1165,100.412
3125.0806,100.419
3126.0449,100.426
3127.0090,100.432
3127.9734,100.434
3128.9375,100.432
3129.9019,100.427
3130.8660,100.423
3131.8303,100.423
3132.7944,100.427
3133.7588,100.433
3134.7229,100.437
3135.6873,100.438
3136.6514,100.437
3137.6157,100.438
3138.5798,100.442
3139.5442,100.451
3140.5083,100.462
3141.4727,100.473
3142.4368,100.481
3143.4011,100.484
3144.3652,100.484
3145.3296,100.482
3146.2937,100.479
3147.2581,100.475
3148.2222,100.471
3149.1865,100.469
3150.1506,100.469
3151.1150,100.469
3152.0791,100.47
3153.0435,100.47
3154.0076,100.466
3154.9719,100.46
3155.9360,100.455
3156.9004,100.452
3157.8645,100.454
3158.8289,100.46
3159.7930,100.468
3160.7573,100.476
3161.7214,100.481
3162.6858,100.484
3163.6499,100.484
3164.6143,100.483
3165.5784,100.481
3166.5427,100.48
3167.5068,100.478
3168.4712,100.476
3169.4353,100.473
3170.3997,100.47
3171.3638,100.469
3172.3281,100.472
3173.2922,100.478
3174.2566,100.485
3175.2207,100.489
3176.1851,100.489
3177.1492,100.484
3178.1135,100.478
3179.0776,100.472
3180.0420,100.47
3181.0061,100.471
3181.9705,100.474
3182.9346,100.476
3183.8989,100.473
3184.8630,100.467
3185.8274,100.46
3186.7915,100.455
3187.7559,100.456
3188.7200,100.464
3189.6843,100.477
3190.6484,100.491
3191.6128,100.499
3192.5769,100.5
3193.5413,100.493
3194.5054,100.482
3195.4697,100.471
3196.4338,100.465
3197.3982,100.465
3198.3623,100.471
3199.3267,100.481
3200.2908,100.49
3201.2551,100.497
3202.2192,100.5
3203.1836,100.501
3204.1477,100.501
3205.1121,100.502
3206.0762,100.505
3207.0405,100.506
3208.0046,100.505
3208.9690,100.499
3209.9331,100.487
3210.8975,100.472
3211.8616,100.456
3212.8259,100.445
3213.7900,100.439
3214.7544,100.44
3215.7185,100.445
3216.6829,100.452
3217.6470,100.459
3218.6113,100.466
3219.5754,100.476
3220.5398,100.487
3221.5039,100.498
3222.4683,100.508
3223.4324,100.514
3224.3967,100.514
3225.3608,100.508
3226.3252,100.497
3227.2893,100.483
3228.2537,100.469
3229.2178,100.458
3230.1821,100.451
3231.1462,100.451
3232.1106,100.457
3233.0747,100.468
3234.0391,100.481
3235.0032,100.494
3235.9675,100.507
3236.9316,100.519
3237.8960,100.528
3238.8601,100.532
3239.8245,100.529
3240.7886,100.518
3241.7529,100.5
3242.7170,100.482
3243.6814,100.469
3244.6455,100.466
3245.6099,100.474
3246.5740,100.489
3247.5383,100.504
3248.5024,100.517
3249.4668,100.525
3250.4309,100.529
3251.3953,100.53
3252.3594,100.528
3253.3237,100.524
3254.2878,100.517
3255.2522,100.511
3256.2163,100.507
3257.1807,100.508
3258.1448,100.512
3259.1091,100.516
3260.0732,100.516
3261.0376,100.513
3262.0017,100.507
3262.9661,100.503
3263.9302,100.501
3264.8945,100.503
3265.8586,100.505
3266.8230,100.506
3267.7871,100.505
3268.7515,100.504
3269.7156,100.504
3270.6799,100.507
3271.6440,100.51
3272.6084,100.512
3273.5725,100.509
3274.5369,100.503
3275.5010,100.496
3276.4653,100.491
3277.4294,100.491
3278.3938,100.496
3279.3579,100.503
3280.3223,100.51
3281.2864,100.515
3282.2507,100.518
3283.2148,100.52
3284.1792,100.523
3285.1433,100.526
3286.1077,100.529
3287.0718,100.529
3288.0361,100.525
3289.0002,100.518
3289.9646,100.51
3290.9287,100.503
3291.8931,100.498
3292.8572,100.495
3293.8215,100.495
3294.7856,100.498
3295.7500,100.504
3296.7141,100.51
3297.6785,100.517
3298.6426,100.521
3299.6069,100.521
3300.5710,100.52
3301.5354,100.517
3302.4995,100.514
3303.4639,100.512
3304.4280,100.508
3305.3923,100.502
3306.3564,100.496
3307.3208,100.492
3308.2849,100.492
3309.2493,100.495
3310.2134,100.5
3311.1777,100.505
3312.1418,100.508
3313.1062,100.51
3314.0703,100.515
3315.0347,100.523
3315.9988,100.533
3316.9631,100.542
3317.9272,100.547
3318.8916,100.545
3319.8557,100.535
3320.8201,100.521
3321.7842,100.504
3322.7485,100.49
3323.7126,100.48
3324.6770,100.476
3325.6411,100.476
3326.6055,100.482
3327.5696,100.49
3328.5339,100.499
3329.4980,100.507
3330.4624,100.513
3331.4265,100.515
3332.3909,100.512
3333.3550,100.505
3334.3193,100.495
3335.2834,100.486
3336.2478,100.48
3337.2119,100.48
3338.1763,100.487
3339.1404,100.499
3340.1047,100.512
3341.0688,100.524
3342.0332,100.532
3342.9973,100.533
3343.9617,100.53
3344.9258,100.524
3345.8901,100.519
3346.8542,100.516
3347.8186,100.516
3348.7827,100.519
3349.7471,100.522
3350.7112,100.522
3351.6755,100.517
3352.6396,100.507
3353.6040,100.494
3354.5681,100.483
3355.5325,100.48
3356.4966,100.484
3357.4609,100.495
3358.4250,100.507
3359.3894,100.514
3360.3535,100.512
3361.3179,100.504
3362.2820,100.492
3363.2463,100.482
3364.2104,100.478
3365.1748,100.482
3366.1389,100.491
3367.1033,100.505
3368.0674,100.519
3369.0317,100.53
3369.9958,100.536
3370.9602,100.538
3371.9243,100.536
3372.8887,100.535
3373.8528,100.536
3374.8171,100.541
3375.7813,100.547
3376.7456,100.554
3377.7097,100.557
3378.6741,100.556
3379.6382,100.55
3380.6025,100.539
3381.5667,100.526
3382.5310,100.515
3383.4951,100.508
3384.4595,100.506
3385.4236,100.51
3386.3879,100.516
3387.3521,100.521
3388.3164,100.523
3389.2805,100.523
3390.2449,100.521
3391.2090,100.518
3392.1733,100.515
3393.1375,100.512
3394.1018,100.508
3395.0659,100.503
3396.0303,100.5
3396.9944,100.499
3397.9587,100.5
3398.9229,100.502
3399.8872,100.506
3400.8513,100.511
3401.8157,100.515
3402.7798,100.52
3403.7441,100.522
3404.7083,100.523
3405.6726,100.521
3406.6367,100.517
3407.6011,100.514
3408.5652,100.513
3409.5295,100.513
3410.4937,100.514
3411.4580,100.516
3412.4221,100.517
3413.3865,100.518
3414.3506,100.514
3415.3149,100.503
3416.2791,100.484
3417.2434,100.46
3418.2075,100.437
3419.1719,100.425
3420.1360,100.428
3421.1003,100.448
3422.0645,100.476
3423.0288,100.504
3423.9929,100.524
3424.9573,100.533
3425.9214,100.533
3426.8857,100.525
3427.8499,100.512
3428.8142,100.497
3429.7783,100.484
3430.7427,100.476
3431.7068,100.477
3432.6711,100.486
3433.6353,100.501
3434.5996,100.513
3435.5637,100.516
3436.5281,100.51
3437.4922,100.497
3438.4565,100.482
3439.4207,100.472
3440.3850,100.467
3441.3491,100.465
3442.3135,100.461
3443.2776,100.452
3444.2419,100.438
3445.2061,100.427
3446.1704,100.425
3447.1345,100.436
3448.0989,100.458
3449.0630,100.485
3450.0273,100.507
3450.9915,100.522
3451.9558,100.527
3452.9199,100.528
3453.8843,100.528
3454.8484,100.528
3455.8127,100.528
3456.7769,100.523
3457.7412,100.513
3458.7053,100.497
3459.6697,100.482
3460.6338,100.471
3461.5981,100.468
3462.5623,100.47
3463.5266,100.476
3464.4907,100.482
3465.4551,100.487
3466.4192,100.491
3467.3835,100.499
3468.3477,100.509
3469.3120,100.518
3470.2761,100.524
3471.2405,100.524
3472.2046,100.518
3473.1689,100.511
3474.1331,100.506
3475.0974,100.503
3476.0615,100.501
3477.0259,100.494
3477.9900,100.48
3478.9543,100.461
3479.9185,100.446
3480.8828,100.44
3481.8469,100.447
3482.8113,100.464
3483.7754,100.484
3484.7397,100.501
3485.7039,100.51
3486.6682,100.512
3487.6323,100.51
3488.5967,100.509
3489.5608,100.508
3490.5251,100.506
3491.4893,100.5
3492.4536,100.488
3493.4177,100.473
3494.3821,100.458
3495.3462,100.448
3496.3105,100.444
3497.2747,100.443
3498.2390,100.437
3499.2031,100.421
3500.1675,100.397
3501.1316,100.372
3502.0959,100.357
3503.0601,100.362
3504.0244,100.381
3504.9885,100.405
3505.9529,100.419
3506.9170,100.42
3507.8813,100.412
3508.8455,100.405
3509.8098,100.409
3510.7739,100.428
3511.7383,100.454
3512.7024,100.479
3513.6667,100.495
3514.6309,100.503
3515.5952,100.503
3516.5593,100.498
3517.5237,100.484
3518.4878,100.458
3519.4521,100.419
3520.4163,100.369
3521.3806,100.319
3522.3447,100.28
3523.3091,100.258
3524.2732,100.253
3525.2375,100.261
3526.2017,100.277
3527.1660,100.301
3528.1301,100.332
3529.0945,100.371
3530.0586,100.411
3531.0229,100.441
3531.9871,100.456
3532.9514,100.452
3533.9155,100.435
3534.8799,100.416
3535.8440,100.407
3536.8083,100.41
3537.7725,100.422
3538.7368,100.432
3539.7009,100.427
3540.6653,100.401
3541.6294,100.355
3542.5938,100.299
3543.5579,100.252
3544.5222,100.232
3545.4863,100.248
3546.4507,100.291
3547.4148,100.337
3548.3792,100.365
3549.3433,100.368
3550.3076,100.355
3551.2717,100.341
3552.2361,100.344
3553.2002,100.367
3554.1646,100.402
3555.1287,100.432
3556.0930,100.447
3557.0571,100.445
3558.0215,100.435
3558.9856,100.422
3559.9500,100.406
3560.9141,100.373
3561.8784,100.309
3562.8425,100.207
3563.8069,100.077
3564.7710,99.953
3565.7354,99.8853
3566.6995,99.9159
3567.6638,100.039
3568.6279,100.199
3569.5923,100.338
3570.5564,100.427
3571.5208,100.466
3572.4849,100.469
3573.4492,100.454
3574.4133,100.434
3575.3777,100.418
3576.3418,100.409
3577.3062,100.408
3578.2703,100.415
3579.2346,100.428
3580.1987,100.438
3581.1631,100.431
3582.1272,100.392
3583.0916,100.312
3584.0557,100.198
3585.0200,100.079
3585.9841,99.9992
3586.9485,100.004
3587.9126,100.094
3588.8770,100.224
3589.8411,100.333
3590.8054,100.391
3591.7695,100.394
3592.7339,100.363
3593.6980,100.323
3594.6624,100.293
3595.6265,100.281
3596.5908,100.278
3597.5549,100.279
3598.5193,100.285
3599.4834,100.304
3600.4478,100.341
3601.4119,100.388
3602.3762,100.424
3603.3403,100.432
3604.3047,100.405
3605.2688,100.348
3606.2332,100.279
3607.1973,100.216
3608.1616,100.171
3609.1257,100.14
3610.0901,100.113
3611.0542,100.087
3612.0186,100.06
3612.9827,100.039
3613.9470,100.022
3614.9111,100.005
3615.8755,99.9848
3616.8396,99.97
3617.8040,99.9819
3618.7681,100.043
3619.7324,100.156
3620.6965,100.286
3621.6609,100.388
3622.6250,100.43
3623.5894,100.401
3624.5535,100.31
3625.5178,100.177
3626.4819,100.036
3627.4463,99.9382
3628.4104,99.9312
3629.3748,100.014
3630.3389,100.132
3631.3032,100.233
3632.2673,100.3
3633.2317,100.337
3634.1958,100.358
3635.1602,100.37
3636.1243,100.378
3637.0886,100.382
3638.0527,100.383
3639.0171,100.383
3639.9812,100.383
3640.9456,100.377
3641.9097,100.352
3642.8740,100.293
3643.8381,100.184
3644.8025,100.021
3645.7666,99.8108
3646.7310,99.5931
3647.6951,99.4495
3648.6594,99.4699
3649.6235,99.6538
3650.5879,99.8913
3651.5520,100.079
3652.5164,100.185
3653.4805,100.227
3654.4448,100.237
3655.4089,100.249
3656.3733,100.282
3657.3374,100.335
3658.3018,100.389
3659.2659,100.429
3660.2302,100.452
3661.1943,100.464
3662.1587,100.468
3663.1228,100.46
3664.0872,100.428
3665.0513,100.361
3666.0156,100.257
3666.9797,100.131
3667.9441,100.013
3668.9082,99.9355
3669.8726,99.9079
3670.8367,99.9001
3671.8010,99.8723
3672.7651,99.809
3673.7295,99.732
3674.6936,99.6945
3675.6580,99.747
3676.6221,99.8868
3677.5864,100.058
3678.5505,100.207
3679.5149,100.317
3680.4790,100.391
3681.4434,100.438
3682.4075,100.456
3683.3718,100.438
3684.3359,100.378
3685.3003,100.274
3686.2644,100.137
3687.2288,99.9987
3688.1929,99.9094
3689.1572,99.9161
3690.1213,100.018
3691.0857,100.165
3692.0498,100.305
3693.0142,100.413
3693.9783,100.487
3694.9426,100.532
3695.9067,100.55
3696.8711,100.545
3697.8352,100.519
3698.7996,100.479
3699.7637,100.441
3700.7280,100.423
3701.6921,100.436
3702.6565,100.473
3703.6206,100.51
3704.5850,100.523
3705.5491,100.491
3706.5134,100.41
3707.4775,100.285
3708.4419,100.136
3709.4060,100.005
3710.3704,99.9434
3711.3345,99.9828
3712.2988,100.097
3713.2629,100.227
3714.2273,100.33
3715.1914,100.388
3716.1558,100.406
3717.1199,100.395
3718.0842,100.366
3719.0483,100.33
3720.0127,100.294
3720.9768,100.259
3721.9412,100.23
3722.9053,100.213
3723.8696,100.218
3724.8337,100.252
3725.7981,100.307
3726.7622,100.363
3727.7266,100.394
3728.6907,100.382
3729.6550,100.313
3730.6191,100.187
3731.5835,100.017
3732.5476,99.833
3733.5120,99.6929
3734.4761,99.6555
3735.4404,99.736
3736.4045,99.8806
3737.3689,100.012
3738.3330,100.083
3739.2974,100.088
3740.2615,100.041
3741.2258,99.9635
3742.1899,99.8821
3743.1543,99.8254
3744.1184,99.8073
3745.0828,99.8083
3746.0469,99.7915
3747.0112,99.7377
3747.9753,99.6576
3748.9397,99.588
3749.9038,99.5838
3750.8682,99.6825
3751.8323,99.8539
3752.7966,100.02
3753.7607,100.126
3754.7251,100.165
3755.6892,100.157
3756.6536,100.131
3757.6177,100.118
3758.5820,100.142
3759.5461,100.202
3760.5105,100.274
3761.4746,100.332
3762.4390,100.359
3763.4031,100.352
3764.3674,100.32
3765.3315,100.273
3766.2959,100.227
3767.2600,100.193
3768.2244,100.183
3769.1885,100.207
3770.1528,100.267
3771.1169,100.353
3772.0813,100.442
3773.0454,100.508
3774.0098,100.536
3774.9739,100.523
3775.9382,100.478
3776.9023,100.421
3777.8667,100.377
3778.8308,100.359
3779.7952,100.366
3780.7593,100.379
3781.7236,100.383
3782.6877,100.379
3783.6521,100.375
3784.6162,100.387
3785.5806,100.42
3786.5447,100.47
3787.5090,100.521
3788.4731,100.56
3789.4375,100.577
3790.4016,100.569
3791.3660,100.539
3792.3301,100.493
3793.2944,100.437
3794.2585,100.376
3795.2229,100.313
3796.1870,100.248
3797.1514,100.178
3798.1155,100.108
3799.0798,100.051
3800.0439,100.024
3801.0083,100.04
3801.9724,100.088
3802.9368,100.141
3803.9009,100.179
3804.8652,100.205
3805.8293,100.24
3806.7937,100.302
3807.7578,100.391
3808.7222,100.476
3809.6863,100.523
3810.6506,100.519
3811.6147,100.465
3812.5791,100.376
3813.5432,100.274
3814.5076,100.179
3815.4717,100.101
3816.4360,100.035
3817.4001,99.9734
3818.3645,99.9171
3819.3286,99.8865
3820.2930,99.9071
3821.2571,99.9841
3822.2214,100.089
3823.1855,100.184
3824.1499,100.245
3825.1140,100.273
3826.0784,100.282
3827.0425,100.284
3828.0068,100.285
3828.9709,100.285
3829.9353,100.28
3830.8994,100.263
3831.8638,100.231
3832.8279,100.183
3833.7922,100.118
3834.7563,100.038
3835.7207,99.953
3836.6848,99.8808
3837.6492,99.8434
3838.6133,99.854
3839.5776,99.9072
3840.5417,99.985
3841.5061,100.072
3842.4702,100.163
3843.4346,100.254
3844.3987,100.337
3845.3630,100.396
3846.3271,100.411
3847.2915,100.369
3848.2556,100.267
3849.2200,100.11
3850.1841,99.9173
3851.1484,99.7278
3852.1125,99.6184
3853.0769,99.6676
3854.0410,99.8579
3855.0054,100.075
3855.9695,100.232
3856.9338,100.315
3857.8979,100.338
3858.8623,100.315
3859.8264,100.259
3860.7908,100.184
3861.7549,100.111
3862.7192,100.063
3863.6833,100.05
3864.6477,100.06
3865.6118,100.069
3866.5762,100.06
3867.5403,100.031
3868.5046,99.9937
3869.4688,99.9684
3870.4331,99.9755
3871.3972,100.024
3872.3616,100.104
3873.3257,100.197
3874.2900,100.276
3875.2542,100.326
3876.2185,100.336
3877.1826,100.31
3878.1470,100.259
3879.1111,100.202
3880.0754,100.155
3881.0396,100.13
3882.0039,100.126
3882.9680,100.142
3883.9324,100.177
3884.8965,100.23
3885.8608,100.286
3886.8250,100.325
3887.7893,100.329
3888.7534,100.297
3889.7178,100.249
3890.6819,100.217
3891.6462,100.228
3892.6104,100.278
3893.5747,100.335
3894.5388,100.365
3895.5032,100.349
3896.4673,100.291
3897.4316,100.205
3898.3958,100.112
3899.3601,100.033
3900.3242,99.9822
3901.2886,99.9656
3902.2527,99.9873
3903.2170,100.05
3904.1812,100.148
3905.1455,100.265
3906.1096,100.376
3907.0740,100.467
3908.0381,100.529
3909.0024,100.564
3909.9666,100.576
3910.9309,100.567
3911.8950,100.54
3912.8594,100.498
3913.8235,100.445
3914.7878,100.394
3915.7520,100.357
3916.7163,100.345
3917.6804,100.359
3918.6448,100.381
3919.6089,100.394
3920.5732,100.386
3921.5374,100.362
3922.5017,100.339
3923.4658,100.337
3924.4302,100.36
3925.3943,100.399
3926.3586,100.429
3927.3228,100.432
3928.2871,100.408
3929.2512,100.37
3930.2156,100.345
3931.1797,100.352
3932.1440,100.396
3933.1082,100.462
3934.0725,100.527
3935.0366,100.572
3936.0010,100.592
3936.9651,100.588
3937.9294,100.563
3938.8936,100.527
3939.8579,100.489
3940.8220,100.462
3941.7864,100.454
3942.7505,100.463
3943.7148,100.479
3944.6790,100.487
3945.6433,100.482
3946.6074,100.466
3947.5718,100.454
3948.5359,100.458
3949.5002,100.482
3950.4644,100.518
3951.4287,100.553
3952.3928,100.576
3953.3572,100.586
3954.3213,100.588
3955.2856,100.589
3956.2498,100.592
3957.2141,100.595
3958.1782,100.595
3959.1426,100.591
3960.1067,100.587
3961.0710,100.59
3962.0352,100.605
3962.9995,100.629
3963.9636,100.654
3964.9280,100.671
3965.8921,100.674
3966.8564,100.662
3967.8206,100.639
3968.7849,100.613
3969.7490,100.59
3970.7134,100.574
3971.6775,100.564
3972.6418,100.562
3973.6060,100.568
3974.5703,100.583
3975.5344,100.605
3976.4988,100.63
3977.4629,100.65
3978.4272,100.661
3979.3914,100.661
3980.3557,100.655
3981.3198,100.647
3982.2842,100.643
3983.2483,100.644
3984.2126,100.648
3985.1768,100.65
3986.1411,100.646
3987.1052,100.637
3988.0696,100.626
3989.0337,100.617
3989.9980,100.612
3990.9622,100.612
3991.9265,100.618
3992.8906,100.629
3993.8550,100.643
3994.8191,100.658
3995.7834,100.671
3996.7476,100.678
3997.7119,100.677
3998.6760,100.668
3999.6404,100.656
4000.6045,100.647
